n_genes: 20 n_cond: 2
1 1 1 1 1 1 1 0 1 0 1 1 1 1 0 0 1 1 1 0
1 0 1 0 1 1 1 1 1 1 1 0 0 0 1 1 1 1 1 0
1 0 1 0 0 0 1 1 1 0 1 0 0 0 1 1 1 1 1 0
1 0 1 0 0 0 0 0 1 0 1 1 0 0 1 1 1 1 1 0
1 0 0 0 0 0 0 0 1 1 1 1 0 0 1 1 1 1 0 0
1 0 0 0 0 0 0 0 1 1 1 0 0 0 1 1 0 1 0 0
0 0 0 0 0 0 0 0 0 1 1 0 0 0 1 1 0 0 1 1
0 1 0 0 0 0 1 0 0 0 1 1 0 1 0 0 1 0 1 1
1 1 1 1 1 1 1 0 1 0 1 1 1 1 0 0 1 1 1 0

1 1 1 0 0 0 1 0 1 1 1 1 0 1 0 0 1 1 1 0
1 0 1 0 1 1 0 0 1 1 1 1 1 0 1 1 1 1 1 0
1 0 0 0 0 0 1 1 1 1 1 0 0 0 1 1 1 1 0 0
1 0 1 0 0 0 0 0 1 0 1 0 0 0 1 1 0 1 1 0
0 0 0 0 0 0 0 0 0 1 1 1 0 0 1 1 1 0 1 1
1 1 0 0 0 0 1 0 1 0 1 1 0 1 0 0 1 1 0 0
1 0 1 0 1 1 0 0 1 1 1 0 1 0 1 1 0 1 1 0
0 0 0 0 0 0 1 1 1 1 1 0 0 0 1 1 1 0 1 1
1 1 1 0 0 0 1 0 1 1 1 1 0 1 0 0 1 1 1 0

