n_genes: 20 n_cond: 1000
<<<<<<< HEAD
1 0 0 0 1 0 0 0 1 1 1 1 0 1 1 0 1 0 1 1
0 0 1 1 0 0 1 0 0 0 0 0 0 1 0 0 0 1 1 0
1 1 0 1 0 1 0 1 0 1 1 1 0 0 1 1 0 0 1 0
0 0 0 0 0 1 1 1 0 0 0 1 0 1 1 0 1 0 0 0
1 0 1 0 1 0 1 0 0 0 1 0 0 1 0 0 0 0 0 1
0 1 1 0 1 0 0 1 0 0 1 0 0 0 1 1 1 1 0 1
1 1 0 1 1 1 0 0 1 0 0 1 1 1 0 0 1 0 1 0
1 0 1 1 1 0 0 1 0 1 1 1 1 0 0 1 0 0 1 0
0 0 0 1 0 1 1 0 1 0 1 0 1 1 0 0 0 0 0 1
0 0 0 0 1 1 1 1 0 1 1 0 0 0 1 0 0 0 1 0
1 1 1 0 0 0 0 0 0 0 1 0 1 0 0 0 1 1 0 0
0 1 0 1 0 1 0 1 1 1 1 1 1 0 0 1 1 0 0 0
0 0 1 0 0 0 1 0 0 0 1 1 0 0 0 1 0 0 1 0
0 1 0 0 1 1 0 1 1 1 1 1 1 0 0 1 1 0 1 0
0 0 1 1 0 1 1 1 0 0 1 1 1 1 1 1 1 0 1 1
1 0 1 0 0 1 0 0 1 1 1 0 1 1 0 0 1 1 1 0
1 1 1 0 0 0 0 1 0 0 1 0 1 0 0 0 0 1 0 0
0 0 1 1 0 0 0 1 1 0 1 1 1 0 1 0 0 1 0 0
1 1 1 0 0 0 1 0 1 1 1 0 0 1 0 1 1 1 1 1
1 1 1 1 1 1 0 1 1 0 0 1 1 0 0 0 1 0 1 0
0 0 1 1 1 1 0 1 1 1 0 0 1 0 0 0 0 1 0 1
1 0 0 0 1 0 0 0 1 0 1 1 0 1 1 0 0 1 1 0
0 0 1 0 0 1 1 0 0 0 0 1 0 1 1 1 1 1 0 0
0 0 0 0 0 1 0 1 0 0 0 0 1 0 0 1 1 0 1 0
1 1 1 0 1 0 0 1 1 0 0 0 1 1 0 1 1 0 1 1
0 1 1 0 0 1 0 0 1 0 0 0 1 1 1 0 0 0 1 1
1 0 1 0 0 1 1 0 1 0 1 1 0 1 0 1 0 0 0 0
1 1 0 1 0 0 0 1 1 1 1 0 1 0 1 1 0 0 1 1
0 1 1 0 0 0 0 1 0 0 1 1 0 0 0 1 1 1 1 0
1 1 0 0 0 0 1 1 0 0 1 0 1 0 0 1 0 1 1 0
1 0 1 0 1 1 0 0 0 0 0 1 0 0 0 0 1 1 0 0
1 1 1 0 1 1 0 1 0 1 1 0 0 1 0 1 0 0 1 0
0 0 1 1 0 0 0 1 0 1 0 0 0 0 0 1 0 1 0 1
0 1 0 0 1 1 0 0 1 0 1 0 0 1 1 1 0 1 1 0
0 1 0 1 0 1 1 1 1 1 1 0 1 1 1 0 1 0 0 0
1 1 0 1 1 0 0 0 1 0 1 0 1 1 0 1 0 0 1 1
0 0 0 1 1 0 0 1 1 1 0 0 0 0 0 1 0 1 0 0
0 1 1 0 0 1 1 1 0 1 0 1 0 1 0 0 1 0 1 1
1 0 1 0 0 1 0 1 0 1 0 0 0 0 0 0 0 1 1 1
0 1 1 0 1 0 0 1 0 1 0 0 1 1 1 0 1 1 0 1
1 1 1 0 1 1 1 1 1 1 1 0 0 0 0 1 0 0 1 0
1 0 0 0 1 1 0 1 0 1 0 0 0 0 0 1 1 1 0 1
0 0 1 1 0 0 0 1 0 0 0 1 0 1 0 1 1 1 1 1
1 1 0 0 1 1 1 0 1 0 0 0 0 0 1 0 0 1 1 0
1 0 1 1 0 0 1 0 1 0 1 0 0 1 1 0 1 1 1 0
0 1 1 1 0 1 1 0 1 1 1 1 1 0 1 0 1 1 1 0
0 1 1 1 0 1 1 1 0 0 1 0 0 1 0 1 1 1 0 1
1 1 0 0 1 1 1 1 0 1 1 1 1 0 0 1 1 1 0 1
1 1 0 1 0 1 1 0 1 0 0 1 0 1 0 0 0 0 0 0
0 0 0 1 1 1 0 1 1 0 0 1 0 0 1 1 1 0 0 1
0 1 0 1 0 0 0 0 1 0 0 0 0 1 0 1 0 1 1 0
0 1 1 0 0 1 1 1 0 1 1 1 1 0 1 1 0 1 1 1
1 1 0 0 1 1 1 0 1 0 0 0 0 0 0 1 1 1 0 0
1 0 1 1 1 0 1 1 1 0 1 1 0 1 0 0 0 1 0 1
0 0 1 1 0 0 1 0 0 1 1 1 1 1 1 0 0 1 0 0
0 0 0 1 0 0 1 0 0 0 1 0 0 0 0 1 0 0 1 1
0 1 0 1 1 1 0 1 1 0 1 1 0 0 1 0 0 0 0 0
0 0 1 0 1 1 0 0 0 0 1 1 0 0 1 0 0 1 1 0
0 0 1 1 1 1 0 1 1 0 1 0 0 0 1 0 1 1 1 0
0 0 0 0 1 0 1 0 1 0 0 0 0 1 0 1 1 1 1 1
0 1 0 1 0 0 0 1 0 1 0 0 1 1 0 0 0 1 1 1
0 1 1 1 1 0 1 1 1 0 1 0 0 1 1 1 1 0 0 0
1 0 1 0 1 1 0 1 0 1 1 0 0 0 1 0 1 1 1 0
1 1 1 1 0 1 1 1 0 1 0 0 1 0 0 1 0 1 1 1
0 0 0 1 1 1 1 0 0 0 0 1 1 0 0 0 1 1 0 1
1 0 0 1 1 1 0 1 0 1 1 0 0 0 0 0 0 1 1 0
0 1 1 0 0 0 1 0 0 1 0 0 0 1 1 0 1 1 1 1
1 1 1 0 0 0 0 0 0 1 1 1 0 0 1 1 1 0 0 1
0 1 1 0 1 1 0 0 1 0 1 1 1 1 1 0 0 1 1 1
0 0 1 0 1 0 1 1 0 0 1 0 1 1 0 0 1 1 1 0
1 1 0 0 0 0 1 1 1 0 0 1 1 1 0 1 0 0 0 1
0 0 1 0 0 1 0 0 1 1 0 1 0 1 0 0 1 1 0 0
1 1 0 1 1 0 1 1 0 0 1 1 0 0 0 0 0 0 0 1
1 1 0 0 1 0 0 1 1 1 0 1 1 1 1 1 1 0 0 1
0 0 0 1 0 1 0 1 1 1 0 1 1 0 0 0 0 1 0 0
1 0 0 0 0 0 1 0 0 1 1 0 1 0 0 1 1 0 1 1
1 0 1 1 1 1 1 0 0 1 1 1 1 1 0 1 0 1 0 0
1 1 0 1 0 0 0 1 0 0 1 1 1 1 0 0 1 1 1 0
0 1 0 1 1 1 1 0 0 1 0 1 0 0 1 1 0 0 1 0
0 0 0 0 1 1 0 0 0 1 1 0 0 0 0 1 0 1 0 1
0 1 1 1 1 0 1 0 0 1 1 0 0 0 1 1 1 1 1 1
1 0 0 0 1 1 0 1 1 1 0 1 0 0 0 1 0 1 1 1
1 1 0 0 0 0 0 0 1 1 1 1 1 0 1 0 0 0 0 1
0 1 0 0 0 0 1 0 1 1 1 1 0 1 0 0 1 1 1 1
0 0 1 0 0 0 1 0 1 0 1 0 1 0 0 1 1 1 1 1
0 0 0 0 1 0 1 0 0 0 0 1 1 0 1 1 0 0 1 1
1 1 1 1 0 0 1 1 0 1 1 1 1 0 1 0 1 1 1 1
0 0 0 0 0 1 0 0 0 1 1 0 1 0 1 1 1 1 1 1
0 0 0 0 1 1 1 1 0 1 1 1 1 0 0 1 1 1 1 0
0 1 0 1 1 1 1 0 1 1 0 1 0 0 1 1 1 1 0 0
0 0 0 1 1 1 1 0 1 1 0 1 0 0 1 0 1 0 1 0
1 1 1 1 0 1 1 0 0 0 1 0 1 1 0 1 1 0 1 0
0 1 1 0 0 0 0 1 1 0 1 1 1 1 1 1 1 0 0 1
1 0 1 1 1 0 0 1 1 0 1 0 1 0 0 1 1 1 0 1
0 1 0 0 1 0 1 1 0 0 0 0 1 1 0 0 0 1 1 1
0 0 1 1 0 1 0 1 1 0 1 1 0 1 0 0 1 0 1 0
0 0 1 0 0 1 0 1 0 1 0 1 1 1 1 1 1 0 1 0
0 1 0 1 0 0 1 0 0 1 1 1 0 1 0 0 1 1 1 1
0 1 1 0 1 0 1 0 0 1 0 1 1 0 0 0 0 1 1 1
1 1 0 0 0 0 0 0 1 0 1 0 1 1 0 0 1 0 1 0
1 1 0 0 0 0 1 0 0 1 0 1 0 1 1 0 1 1 0 0
0 0 1 1 0 1 0 0 0 0 0 1 1 1 0 0 0 1 0 1
0 0 0 0 0 0 0 0 0 0 1 0 1 0 0 0 1 1 1 0
0 0 0 1 0 0 0 1 1 0 0 0 0 0 1 0 1 0 0 0
1 0 1 1 1 1 0 1 0 0 0 1 1 0 0 1 0 0 1 1
0 1 1 0 0 1 1 0 0 0 0 1 0 0 0 1 1 0 1 1
0 0 1 0 1 1 0 0 1 1 0 1 0 0 0 1 1 1 1 0
0 1 1 1 1 0 1 1 0 0 0 1 0 0 0 0 1 0 1 1
0 0 0 1 1 0 1 0 0 0 1 0 1 0 0 1 0 0 1 1
1 1 1 1 1 0 1 0 1 0 0 1 0 1 0 1 1 1 0 1
1 0 0 1 0 0 0 1 0 0 0 0 0 0 1 0 0 0 0 1
1 1 0 1 0 1 1 1 1 1 0 0 0 0 0 1 0 0 0 1
0 1 0 1 0 1 0 1 1 0 0 1 1 0 0 0 1 1 0 1
1 0 1 0 1 0 1 0 1 1 0 1 1 0 1 1 1 1 1 0
0 0 1 1 1 0 0 0 1 0 0 1 1 0 1 1 1 0 0 1
0 0 1 0 0 0 1 0 1 1 0 0 0 0 0 0 0 1 0 1
1 1 1 0 1 0 1 0 0 0 1 0 0 0 0 1 0 0 0 1
1 0 0 0 1 0 1 1 0 1 1 0 1 0 1 0 0 1 0 0
0 1 1 0 1 0 0 1 1 1 0 1 0 0 1 0 0 1 1 1
0 0 0 0 1 0 0 1 0 0 0 1 1 0 0 0 1 0 0 1
0 0 1 1 0 0 1 0 0 1 0 0 1 1 1 1 0 0 1 1
1 0 0 0 1 0 0 1 1 0 1 0 0 0 0 1 1 1 1 0
0 0 1 1 0 0 0 0 0 0 1 1 1 1 1 1 1 1 1 0
0 0 1 0 1 0 0 0 0 1 1 1 1 1 0 1 0 0 1 0
0 1 0 0 1 0 1 1 1 0 1 1 0 1 1 1 1 0 0 0
0 1 0 1 1 0 1 1 1 1 0 0 1 1 0 1 0 0 1 0
0 0 0 1 1 1 0 0 0 1 0 1 0 1 1 1 1 1 1 1
0 1 1 1 1 1 0 0 1 1 0 0 0 1 1 0 0 0 0 1
0 1 1 0 0 0 0 1 1 0 1 1 1 0 0 1 1 1 0 0
1 1 1 0 1 0 1 1 0 0 1 1 1 0 0 0 0 0 1 1
1 0 1 0 1 0 0 1 0 0 1 1 1 1 1 0 0 0 1 1
1 0 0 0 0 1 1 1 1 0 0 0 0 1 1 1 1 1 0 1
0 0 0 0 1 1 1 1 0 0 1 1 0 0 1 1 1 1 0 1
1 0 0 1 1 0 0 1 1 0 0 0 1 0 0 1 0 1 0 0
0 0 1 0 1 0 1 0 0 1 0 1 0 1 0 1 0 0 1 1
1 0 0 0 0 1 0 0 0 0 0 1 1 0 0 1 1 1 1 0
1 0 1 0 0 0 1 1 1 1 1 1 0 1 0 1 1 0 0 1
1 0 0 0 0 1 1 1 0 1 0 1 1 0 0 1 1 1 0 1
1 1 0 0 0 1 1 1 1 1 1 0 1 0 0 0 0 1 0 0
1 0 1 0 1 0 1 0 1 0 0 0 1 0 0 1 1 0 0 0
0 0 1 1 0 0 0 1 0 1 0 0 1 0 0 1 0 0 1 0
0 1 1 1 0 1 0 0 1 0 0 1 1 1 1 1 1 0 1 0
0 1 1 0 1 1 1 0 0 0 0 0 1 0 0 0 1 1 0 0
0 1 1 1 1 0 0 1 1 1 1 0 0 1 1 0 1 1 1 1
0 1 0 0 0 1 0 0 0 0 1 0 0 1 1 0 1 1 0 1
1 0 0 1 1 1 1 0 1 0 0 1 0 1 1 1 1 1 0 1
0 1 0 1 0 0 0 0 1 1 1 0 0 1 0 0 1 0 1 1
0 0 0 0 1 1 1 1 1 1 1 1 1 1 1 1 1 0 0 1
1 1 1 1 1 1 1 0 0 0 0 1 0 1 0 1 1 0 0 1
0 0 0 0 1 1 1 1 0 0 1 0 1 1 1 0 1 1 1 1
1 0 1 1 0 1 0 1 1 0 0 0 1 0 1 1 1 0 1 1
1 0 0 0 0 0 1 1 0 0 1 0 1 1 1 1 0 1 0 0
0 0 0 0 1 1 0 1 1 1 0 0 0 0 0 1 1 0 1 0
0 1 0 0 0 1 0 0 1 1 1 1 1 0 1 1 1 0 0 1
1 1 1 0 0 1 0 1 0 1 1 0 1 0 0 1 1 0 0 0
1 0 0 0 0 1 1 1 0 0 0 1 1 1 1 1 0 0 0 1
0 1 0 1 0 1 0 0 1 0 1 0 0 0 0 1 0 1 0 1
0 0 0 0 0 1 0 0 1 1 1 0 0 0 1 0 1 0 1 1
1 1 1 0 0 1 0 1 0 1 1 0 1 1 1 1 1 0 1 1
1 0 1 0 1 0 0 0 1 1 1 1 1 0 0 1 0 0 1 1
0 1 1 0 1 0 1 0 0 0 0 1 0 1 0 0 0 0 0 1
1 1 1 0 1 0 1 1 1 0 0 1 1 0 0 0 1 1 0 0
0 0 1 0 0 0 1 1 0 0 1 1 1 1 1 0 1 1 0 1
1 1 1 0 0 1 1 1 1 0 1 0 0 0 1 1 1 0 0 0
1 0 1 0 0 0 1 0 1 1 0 0 0 0 1 0 1 1 0 1
0 1 1 0 0 1 0 1 1 1 1 0 1 0 1 0 1 1 0 0
1 1 1 1 0 1 0 0 0 1 1 0 0 0 0 0 0 0 0 1
1 1 0 0 1 0 0 1 0 0 1 1 1 1 1 0 0 0 0 1
0 1 0 0 0 1 1 1 0 1 1 0 0 0 0 0 0 1 1 1
1 1 1 0 1 1 1 1 0 1 0 0 0 1 1 1 1 1 1 0
0 0 0 0 1 0 0 0 1 1 0 1 1 0 0 1 0 0 0 0
0 0 0 0 0 0 1 1 0 1 1 1 1 0 1 1 0 0 1 1
0 1 1 1 1 1 1 0 0 0 1 1 1 0 0 0 0 0 0 1
1 0 1 0 1 1 0 1 0 1 1 1 1 1 0 1 0 1 1 0
1 0 1 0 1 0 1 0 0 0 1 1 0 1 1 1 0 0 1 0
1 0 1 0 0 1 1 0 0 1 0 1 1 0 1 1 1 1 1 1
1 1 1 0 1 0 0 0 1 0 0 1 1 0 1 0 0 1 1 0
1 0 1 0 1 0 1 1 1 1 1 1 1 0 1 1 0 1 0 1
0 0 0 1 1 0 1 1 0 0 0 1 1 1 1 1 0 1 1 1
1 1 0 1 0 0 0 0 1 1 0 0 1 1 1 1 0 0 1 1
0 1 1 1 0 0 0 0 1 1 1 1 0 0 0 0 1 1 1 1
0 1 1 0 1 1 0 0 0 1 0 1 0 0 1 0 1 1 0 0
0 1 0 1 0 0 0 1 0 0 1 0 1 0 0 0 0 1 1 0
0 1 0 1 0 0 0 0 1 1 1 0 0 0 0 1 1 0 1 1
0 0 1 1 1 0 1 1 0 1 0 0 1 0 1 0 0 1 0 1
0 0 0 0 0 1 0 0 0 1 0 1 1 0 0 0 0 1 1 1
0 0 0 1 1 1 0 1 0 1 0 0 0 1 1 0 0 0 0 1
1 0 1 0 1 0 1 0 1 1 0 0 0 1 1 1 0 0 1 0
0 0 0 0 0 1 1 0 0 1 1 1 1 1 0 0 1 1 0 0
1 0 0 1 1 0 1 1 1 1 1 0 0 0 0 0 1 0 0 0
0 0 1 1 0 0 0 1 0 1 0 0 0 1 0 0 0 1 0 0
0 1 0 0 1 0 0 1 1 1 0 0 1 0 1 0 1 1 0 1
1 0 0 1 0 1 0 0 0 0 1 0 0 0 1 1 1 1 0 0
1 0 1 0 1 0 1 0 0 0 1 1 1 1 1 1 0 0 1 0
1 0 0 0 0 1 0 1 1 0 0 1 1 1 1 1 0 0 0 1
1 1 1 0 1 0 1 0 1 0 1 1 0 1 0 0 1 0 0 0
1 1 0 1 1 0 1 1 1 1 1 1 1 0 0 0 1 0 1 1
1 1 0 1 0 0 1 0 1 1 0 1 0 0 0 0 0 0 0 0
0 0 1 1 0 1 1 0 0 0 0 1 1 0 0 0 0 1 1 0
1 1 1 0 0 0 1 0 0 1 1 1 1 0 1 1 1 0 0 1
0 0 1 1 0 0 1 1 1 1 0 1 0 1 0 1 1 1 1 0
0 0 0 1 0 0 0 0 0 1 1 0 0 1 1 0 0 1 0 1
0 1 1 0 0 1 1 1 1 1 0 1 0 1 1 0 1 1 1 1
1 0 1 1 1 1 1 1 0 1 1 0 1 1 1 0 1 0 1 0
1 1 1 0 0 0 1 1 1 1 1 0 1 1 0 0 1 0 0 0
1 0 1 0 0 0 0 0 0 1 0 1 0 0 0 0 1 1 0 0
0 0 1 0 1 1 0 1 1 1 0 1 1 1 0 0 1 1 0 0
1 0 1 1 1 0 0 1 1 1 0 1 1 1 1 0 0 1 1 0
0 0 0 1 0 0 0 1 1 0 1 1 0 1 1 1 0 0 0 1
1 0 0 0 0 1 1 1 0 1 1 0 0 0 0 0 1 1 0 0
0 1 0 1 0 0 1 1 0 0 0 0 1 0 1 1 1 1 1 1
1 1 1 1 0 0 1 0 1 0 1 1 1 1 0 0 0 0 1 1
0 0 1 0 0 1 1 1 1 1 0 0 0 1 1 1 0 1 0 1
0 1 0 1 1 1 0 0 1 1 1 1 0 0 1 1 1 1 0 0
0 0 1 1 1 0 0 0 1 0 0 1 0 0 1 0 0 0 1 0
1 1 0 0 0 0 1 1 1 0 0 0 1 0 1 0 1 0 1 0
0 1 0 0 1 0 0 1 0 0 1 1 1 1 1 0 0 0 1 0
1 0 0 1 0 1 1 1 1 0 1 1 0 0 0 0 1 0 0 0
0 0 1 0 0 0 1 1 0 1 0 0 1 1 1 0 1 1 0 0
0 1 1 1 1 0 1 1 0 1 1 1 0 0 0 0 0 1 1 1
0 1 0 1 1 0 1 1 1 1 1 0 1 1 1 1 0 1 1 1
0 1 0 0 0 0 0 0 0 1 1 0 1 1 1 1 0 0 1 0
0 1 1 1 1 0 0 1 0 0 0 1 1 0 1 0 1 0 1 1
1 0 1 1 1 0 1 0 1 1 1 1 0 0 0 0 1 0 1 0
0 1 1 0 0 0 1 0 0 0 0 1 1 0 0 0 1 0 1 0
1 0 0 1 1 0 1 1 0 0 1 1 1 0 0 0 1 0 0 0
0 0 1 0 0 1 0 1 0 1 0 1 0 1 1 1 0 0 1 1
1 1 0 0 1 0 1 1 1 0 1 0 0 0 0 0 1 1 1 0
0 0 1 0 1 0 1 0 0 0 1 0 0 1 1 0 1 0 0 0
0 0 0 0 1 0 1 0 1 0 1 1 1 1 1 1 1 1 1 0
1 0 1 0 1 1 1 0 0 1 0 1 0 1 1 1 0 0 1 1
1 1 0 1 1 0 0 1 0 1 0 1 1 0 0 0 1 1 0 0
0 1 0 0 1 0 1 0 0 1 1 0 1 1 1 0 0 0 1 0
1 1 1 0 0 0 1 0 0 0 1 1 0 1 0 1 1 0 0 1
0 0 1 0 0 0 0 0 0 1 0 1 1 1 1 1 0 1 1 1
0 0 0 0 0 1 1 1 1 0 1 0 1 1 0 1 0 0 1 1
1 1 1 1 0 0 0 1 1 0 1 0 0 1 1 1 0 0 1 1
0 1 1 1 0 0 0 1 0 1 1 1 1 0 0 0 1 1 0 0
1 1 1 0 1 0 0 1 0 1 0 0 1 0 1 0 1 0 0 0
1 0 1 0 1 1 0 1 0 0 1 0 0 0 1 1 1 0 0 0
0 0 0 0 0 0 1 1 1 0 0 1 0 0 0 1 0 1 0 0
1 0 1 0 0 0 1 0 0 1 1 1 1 0 1 1 1 1 0 0
1 1 1 0 0 1 0 0 1 0 0 1 1 1 0 1 0 1 0 1
0 0 1 0 0 0 0 0 1 0 1 1 0 0 1 1 0 1 0 1
0 0 1 1 1 1 1 0 1 0 0 1 0 0 0 0 1 1 0 0
1 1 1 1 1 1 1 1 0 0 0 0 0 0 1 0 0 0 1 1
0 1 1 0 0 0 0 0 1 1 1 1 1 0 1 1 1 0 0 1
1 1 1 1 1 0 0 0 1 1 0 1 1 1 0 0 1 1 0 0
1 1 0 0 0 0 0 0 1 0 0 0 1 0 1 0 0 0 1 0
0 0 0 1 0 0 0 1 0 1 0 0 1 0 0 1 1 1 0 0
1 1 0 1 0 0 1 0 0 1 1 0 0 1 0 1 1 1 0 0
0 0 0 0 1 1 0 0 0 1 0 1 0 1 0 0 1 1 1 0
0 1 1 0 1 0 1 1 1 1 1 0 0 0 1 0 1 1 1 0
1 1 1 0 1 1 0 1 0 0 1 1 0 1 0 0 1 1 0 1
0 1 1 1 0 0 0 1 0 1 1 0 0 1 1 0 1 1 0 1
1 1 1 0 1 1 0 0 0 0 1 1 1 0 0 1 0 0 1 0
1 0 0 1 1 0 0 1 0 0 0 0 1 1 1 1 0 1 1 1
1 0 1 1 1 0 1 1 1 1 0 1 1 1 1 1 1 0 1 1
1 1 0 1 1 1 1 1 0 1 1 0 0 1 1 0 0 0 0 0
0 1 1 0 1 1 1 0 1 1 0 0 0 1 0 0 0 0 1 1
1 0 0 0 1 1 1 0 0 0 1 0 1 0 0 0 1 0 0 1
1 0 0 1 1 0 0 0 0 1 0 1 0 0 1 1 0 1 0 1
0 1 1 1 0 0 0 1 0 1 1 0 1 0 1 0 0 1 1 0
0 1 0 1 0 0 0 0 1 1 0 0 0 0 1 1 1 0 0 0
0 0 0 1 1 0 1 0 1 1 0 0 0 0 1 1 1 0 0 1
1 1 0 1 0 0 1 0 0 0 0 1 1 0 0 0 0 1 1 1
0 0 0 1 1 0 1 0 1 0 0 1 0 1 0 0 1 1 1 1
1 1 1 1 0 1 0 1 1 0 0 1 0 0 1 1 1 0 1 1
1 1 0 1 1 1 1 1 0 1 1 0 1 1 1 1 0 1 0 1
0 0 0 0 1 0 1 0 0 1 0 0 0 1 0 0 1 1 0 1
1 1 0 1 0 0 1 1 0 0 1 0 0 0 0 0 1 0 0 0
1 1 0 0 0 0 1 0 1 1 1 1 1 0 0 0 1 0 0 0
0 1 0 0 1 0 0 1 1 0 0 1 1 1 0 0 1 0 0 1
0 1 0 1 1 1 0 0 1 1 1 0 1 0 0 1 0 1 1 1
0 0 1 1 1 1 0 1 0 1 0 1 0 1 0 1 0 0 1 0
0 1 0 1 1 0 1 0 1 0 0 1 1 0 1 0 1 0 0 0
0 0 0 1 1 0 0 0 0 1 1 1 1 1 0 1 1 0 1 0
1 1 0 1 0 0 0 0 0 0 0 1 0 0 0 1 1 0 1 0
0 1 0 1 1 0 1 0 0 1 0 0 1 1 0 0 0 0 0 1
0 1 1 0 0 1 0 0 0 1 0 1 1 0 0 1 0 1 1 1
0 1 1 0 1 1 1 0 0 0 0 1 0 0 0 1 1 1 1 0
1 1 0 0 1 0 1 1 0 0 1 1 0 0 0 0 1 1 0 1
1 1 0 1 0 0 0 0 1 0 0 1 0 1 0 0 0 1 0 1
1 0 1 1 1 1 0 0 0 0 0 1 1 0 1 1 1 1 1 1
1 1 1 1 1 1 1 1 1 0 0 1 1 1 1 0 0 1 1 0
0 0 1 1 1 0 0 0 0 1 1 1 0 1 1 0 0 1 1 0
0 0 1 0 0 1 0 1 1 1 1 0 1 0 0 0 0 1 0 0
1 0 0 1 1 1 0 1 0 0 0 0 1 1 0 0 0 1 1 0
0 1 1 1 0 0 1 1 0 1 0 1 0 1 1 0 0 0 0 0
0 0 0 1 0 1 0 1 1 0 1 1 0 0 1 1 1 1 1 1
1 1 1 0 1 0 0 1 1 1 0 0 1 1 0 1 1 1 1 0
0 1 1 1 0 0 0 1 0 1 1 1 0 1 0 0 0 1 0 1
1 1 0 0 1 0 0 0 1 0 1 1 1 0 1 0 1 1 0 1
0 1 0 1 0 1 0 0 0 0 0 1 0 1 0 1 0 0 1 0
1 1 0 0 1 1 1 1 0 0 0 1 1 0 0 1 1 1 1 0
0 1 1 1 0 1 0 0 1 1 1 0 0 0 1 1 0 0 1 0
0 0 0 1 0 0 1 0 1 1 0 0 1 1 0 0 1 1 0 0
0 1 1 0 0 0 0 1 0 1 0 1 1 1 1 0 0 0 0 1
1 1 0 1 1 0 1 1 1 1 1 0 0 0 1 1 0 0 0 0
0 1 1 0 0 1 0 0 1 1 0 1 0 1 1 0 1 1 1 1
0 1 0 1 0 0 1 0 0 0 1 0 1 1 0 1 1 1 1 0
0 0 0 0 1 1 1 0 0 0 1 0 1 1 0 0 0 1 1 0
1 0 1 0 0 0 0 1 0 1 1 0 1 1 1 0 0 1 0 0
1 0 0 1 1 1 1 1 1 0 0 1 0 1 0 1 0 0 0 0
0 1 1 0 1 1 0 0 1 0 1 1 0 1 1 0 0 0 1 1
0 1 0 1 0 1 0 1 1 1 0 1 1 0 1 1 0 0 1 1
0 1 1 0 0 0 0 0 0 0 0 1 1 0 0 0 0 0 0 0
0 1 1 1 0 0 0 0 0 1 1 1 1 0 0 1 1 1 0 0
1 0 1 1 1 1 0 0 1 1 0 0 1 1 1 1 0 1 0 1
0 0 0 0 0 0 0 1 0 0 0 1 1 0 1 0 0 1 1 1
0 0 1 0 1 0 0 0 0 0 0 0 1 1 1 0 0 1 0 0
1 1 0 0 1 1 1 1 1 0 1 0 0 1 1 0 0 0 1 0
1 1 0 1 0 1 0 0 0 1 0 1 1 0 0 0 0 1 0 1
1 0 0 1 0 0 1 0 1 1 0 1 0 1 1 1 0 1 1 0
0 0 0 1 0 0 0 0 1 0 1 1 1 0 0 1 1 1 0 1
1 1 0 1 0 0 0 0 1 0 0 0 0 0 1 1 0 0 1 0
1 1 1 1 0 1 1 1 1 1 1 0 1 1 0 0 0 0 1 0
0 1 0 1 1 1 1 0 0 1 1 1 0 0 1 0 0 1 1 0
0 1 0 0 0 1 0 0 1 1 0 0 0 0 0 0 0 0 1 0
0 0 1 0 0 1 1 0 0 1 0 0 0 0 0 1 1 0 1 0
0 0 1 1 0 0 1 1 0 0 1 0 1 0 1 0 1 0 0 0
1 0 1 1 1 1 1 0 1 0 0 0 1 0 0 0 0 1 1 0
1 0 0 1 0 0 0 1 0 0 0 0 0 1 0 1 1 0 1 0
1 0 1 1 0 0 0 0 0 0 0 0 0 0 0 1 0 1 0 1
1 0 0 1 1 1 0 1 0 0 1 1 0 0 0 0 1 0 1 1
1 0 1 0 1 0 0 1 1 0 0 1 1 1 1 0 0 1 1 1
1 1 1 0 0 1 0 0 1 1 1 0 0 1 0 1 1 1 0 1
1 0 0 0 0 1 0 0 0 0 1 0 0 1 0 0 0 0 1 0
0 1 1 0 0 0 1 1 0 0 1 0 0 1 0 0 0 1 1 1
1 0 1 0 0 1 0 0 1 1 1 0 1 1 0 0 1 0 1 1
0 0 1 1 1 1 1 1 0 1 1 1 1 1 0 0 1 0 0 0
0 1 1 0 0 1 0 1 0 1 1 0 1 0 0 0 0 0 1 0
0 0 1 1 0 1 0 1 0 1 1 1 0 0 1 1 0 1 1 1
0 1 1 0 0 1 1 1 0 0 1 1 1 0 0 0 0 0 1 0
1 1 1 1 0 1 0 0 0 0 1 0 0 1 1 0 0 0 0 0
0 0 1 0 0 0 1 1 1 1 0 1 0 0 0 1 1 0 0 1
1 1 0 0 0 0 1 1 1 0 1 0 0 0 1 0 0 1 0 1
0 1 0 0 1 1 0 1 0 1 1 0 0 1 0 0 1 0 1 0
0 0 0 0 0 0 1 0 0 1 0 1 0 1 0 0 0 0 1 1
1 1 1 1 0 0 0 0 1 1 1 1 1 1 0 0 1 0 1 1
0 0 1 1 0 0 1 1 0 0 0 1 1 0 0 1 0 0 1 0
0 1 0 1 1 0 1 0 0 0 0 0 0 1 1 1 1 1 0 1
0 0 0 0 1 0 1 0 1 0 0 1 1 0 1 1 1 0 1 0
0 0 0 0 0 1 0 1 1 0 1 1 1 1 1 1 0 1 1 1
1 1 0 0 0 1 1 1 1 1 0 0 0 0 1 0 1 1 1 0
0 0 0 1 1 1 1 1 1 1 0 1 1 0 1 1 1 1 1 0
1 0 0 0 0 0 0 1 0 0 1 1 0 0 1 1 0 1 1 1
0 1 1 1 0 0 0 0 0 0 0 1 1 0 0 1 0 0 0 0
0 1 1 0 1 0 0 1 0 0 0 0 1 0 0 1 1 0 0 1
0 0 0 0 1 1 0 0 0 1 1 1 0 0 0 1 0 0 1 0
1 1 0 1 1 0 1 0 1 0 0 0 1 1 0 0 0 1 1 1
1 1 0 0 1 0 0 1 1 1 0 1 0 0 1 1 0 0 1 0
0 1 1 1 0 1 1 0 0 1 1 0 1 1 0 0 1 1 0 0
0 1 1 1 0 1 0 0 1 0 0 0 1 1 0 0 1 0 1 1
0 0 0 0 0 0 1 0 1 1 1 1 0 1 0 0 1 0 1 0
0 0 1 0 1 1 1 1 0 0 0 1 1 1 0 1 0 1 0 0
0 1 0 0 0 1 1 0 1 0 1 1 0 1 0 1 0 1 0 1
1 1 0 0 0 0 0 1 1 0 1 1 0 1 1 1 0 1 1 0
1 1 0 0 1 0 0 0 0 0 1 1 1 0 0 0 0 0 1 1
0 1 1 0 0 1 1 0 0 1 1 0 0 1 0 1 0 1 1 1
1 1 0 0 1 1 0 0 0 1 1 0 0 0 0 1 0 0 0 1
1 0 0 0 0 0 0 1 0 0 1 0 1 1 1 0 0 0 1 1
0 1 1 1 0 0 0 0 0 0 1 0 0 0 0 0 0 1 0 1
0 0 1 0 0 0 0 1 1 1 0 0 1 1 0 1 1 1 1 0
0 1 1 0 0 0 0 0 0 0 0 1 0 0 1 0 0 1 1 1
1 0 1 0 0 1 1 0 1 0 1 1 0 1 0 0 1 0 0 1
0 1 1 0 0 1 1 1 0 0 0 1 1 1 0 1 1 0 0 1
0 0 0 1 1 1 0 1 1 0 0 1 0 0 0 1 0 0 1 1
1 0 0 1 1 1 1 1 0 0 0 0 0 0 1 0 1 1 1 0
0 1 0 1 0 1 1 1 0 0 0 1 1 0 1 0 0 1 0 1
0 0 1 1 1 1 1 1 1 0 0 1 1 0 0 0 1 0 1 1
1 1 1 0 1 1 0 1 1 1 1 0 1 1 0 0 1 1 0 0
0 0 0 0 1 1 0 1 0 0 1 0 1 0 1 0 1 1 1 1
0 1 0 0 1 0 1 1 1 1 0 0 0 1 0 0 0 1 0 0
0 1 1 1 1 1 0 1 1 0 0 0 0 0 1 1 1 1 0 1
1 1 0 0 0 1 0 0 1 0 0 1 1 0 0 0 0 0 1 1
0 0 1 0 1 0 0 0 1 0 0 1 0 0 0 1 0 1 1 1
1 1 1 1 0 1 1 1 0 1 0 0 1 0 0 0 1 1 0 1
0 0 1 0 0 0 1 1 0 1 1 0 1 1 0 1 1 0 0 0
0 0 0 0 1 0 1 0 0 1 1 1 0 1 0 0 1 0 1 0
0 0 0 1 1 1 1 1 1 1 0 1 0 0 1 1 1 0 0 1
0 1 0 1 1 1 0 1 1 0 0 1 1 0 1 0 1 0 0 1
1 1 1 0 0 1 0 1 1 1 0 0 1 0 1 1 1 1 0 1
0 1 0 1 1 1 1 0 0 0 0 0 1 1 1 1 0 0 1 0
1 1 0 1 0 1 0 0 1 0 1 1 1 0 0 0 0 1 0 1
0 0 1 0 0 1 1 1 0 0 1 1 0 1 1 1 0 0 0 0
0 1 0 1 0 0 1 1 0 1 1 0 0 0 1 1 1 0 1 0
1 0 0 1 1 0 0 1 1 0 1 0 0 0 1 1 1 1 1 0
0 0 0 1 1 0 1 1 1 1 0 0 0 0 1 0 1 1 0 1
0 1 0 0 1 0 1 1 1 1 0 1 1 0 0 0 1 1 0 0
0 0 1 0 1 1 0 1 1 1 1 1 0 0 1 0 1 1 1 1
0 1 1 1 1 1 0 1 0 1 0 1 1 1 0 1 0 0 0 0
0 0 0 1 0 0 0 1 0 1 1 1 1 1 1 1 1 1 1 1
0 0 1 0 1 1 1 1 0 0 0 1 1 1 0 0 0 1 0 0
0 0 0 0 0 0 0 0 1 0 1 0 1 1 1 0 1 1 0 0
0 1 0 0 0 0 0 0 0 1 1 1 1 0 1 1 0 0 1 0
1 1 0 0 1 1 0 1 1 1 0 0 0 1 0 0 0 1 0 1
1 0 0 0 1 1 0 0 0 1 1 1 0 1 1 0 1 0 0 0
0 1 1 0 1 1 0 1 0 0 1 0 0 0 1 1 1 0 0 1
1 0 0 0 1 1 1 0 1 1 1 0 1 1 0 0 1 1 0 1
0 1 0 1 1 1 1 0 0 0 1 1 0 0 1 1 0 0 1 0
1 1 1 0 0 1 1 1 0 0 1 1 0 1 0 1 0 0 0 1
0 0 1 1 1 1 1 1 1 0 1 1 0 1 1 1 1 0 0 1
1 0 0 1 1 1 0 1 0 0 0 1 1 0 1 1 1 1 0 0
0 0 0 1 0 0 1 0 1 1 1 1 1 0 1 1 0 0 1 0
1 1 1 0 1 0 0 0 0 1 1 0 0 1 1 0 1 1 0 1
0 0 1 1 1 1 1 1 0 1 1 1 1 0 0 1 0 0 0 1
0 1 0 0 1 1 1 0 1 0 0 1 1 1 0 0 1 1 0 0
1 1 0 0 0 0 0 0 1 0 1 1 1 1 0 0 1 1 0 1
1 0 1 1 0 0 0 1 1 0 1 1 1 0 1 1 1 0 1 0
1 0 0 1 0 0 0 0 1 0 1 1 0 1 0 0 1 0 0 0
1 1 0 1 1 1 1 1 0 1 0 1 0 0 0 1 1 1 1 0
1 1 0 1 1 1 1 0 0 1 1 0 1 1 1 0 1 1 1 1
0 1 0 1 0 0 0 0 1 0 0 1 0 0 0 1 1 1 1 0
0 0 0 0 1 0 0 0 0 1 1 1 0 0 0 0 0 1 1 1
0 1 0 1 0 0 1 1 0 1 0 1 0 0 1 0 0 0 1 1
0 0 1 0 1 0 0 0 0 0 0 0 0 0 1 0 0 0 1 0
1 0 0 0 0 0 1 1 1 0 0 1 0 1 0 1 0 1 0 0
0 0 0 0 1 0 0 0 1 1 1 0 0 1 0 1 0 0 1 0
0 1 1 0 1 1 1 1 1 0 0 0 0 0 0 0 0 0 0 0
0 1 0 1 1 1 1 1 0 1 0 1 1 1 1 1 0 1 1 1
0 0 1 1 1 0 1 0 1 0 1 0 1 1 1 1 0 0 0 1
1 0 1 0 1 1 0 1 1 1 0 0 1 1 1 0 0 1 0 0
0 1 1 1 1 1 0 0 1 1 1 1 1 1 1 1 1 0 1 0
1 0 1 0 0 0 1 0 1 0 0 1 1 0 1 1 0 1 0 1
1 0 1 1 0 0 1 0 0 1 0 0 1 0 0 1 0 1 0 0
1 1 1 0 1 1 1 0 1 0 1 1 0 0 1 1 0 1 0 1
1 1 1 0 1 1 0 0 0 0 0 1 1 1 1 1 0 1 1 0
0 1 0 0 0 0 0 1 1 0 0 1 0 0 0 1 0 1 0 0
0 0 1 1 1 0 1 0 1 1 1 1 0 0 1 0 1 0 1 0
0 1 0 0 0 1 0 0 0 1 1 0 0 1 1 1 0 1 1 1
1 0 1 0 0 0 1 0 1 1 1 0 1 1 1 1 0 1 1 0
0 1 1 1 0 0 0 1 1 0 1 1 0 0 0 1 0 1 0 1
1 0 1 1 1 0 1 1 1 1 1 0 1 0 0 0 0 1 1 1
0 0 1 0 0 0 1 1 1 0 1 1 0 0 1 0 1 0 0 0
0 0 0 0 1 0 0 1 0 0 1 1 0 0 0 1 1 1 1 0
1 0 1 1 0 0 1 0 0 0 0 1 1 1 1 0 1 1 0 1
0 0 1 1 1 1 1 1 1 1 1 0 1 0 0 0 0 1 1 0
0 1 0 0 1 0 0 1 0 1 0 0 0 0 1 1 1 1 1 0
1 1 1 1 1 0 1 0 1 1 1 0 1 0 1 0 1 1 1 1
1 1 1 0 0 1 1 0 1 1 1 1 0 0 0 1 1 0 1 1
1 1 1 0 0 0 1 0 1 0 1 1 0 0 1 1 1 1 1 0
1 0 0 1 0 1 1 0 0 1 1 0 1 1 1 0 1 1 1 0
1 0 0 0 0 0 0 1 1 1 1 1 0 0 0 1 0 0 1 1
0 1 0 1 0 0 1 1 0 1 1 1 0 0 0 1 0 1 0 1
1 1 1 1 0 1 0 1 1 1 0 1 0 0 1 1 1 0 0 1
0 0 1 1 0 0 0 1 0 0 0 0 0 0 0 1 1 0 1 0
0 1 0 1 1 0 0 1 1 0 0 1 1 0 1 1 0 1 1 0
1 1 0 0 0 0 0 1 0 0 1 0 0 0 1 0 0 0 0 1
0 0 0 1 1 1 1 1 1 1 0 0 1 0 0 1 1 0 0 1
0 1 1 1 0 1 0 0 1 0 0 1 0 0 1 1 0 0 0 0
0 1 1 1 0 0 1 1 1 0 0 0 1 1 1 1 0 0 0 1
1 1 1 0 1 0 0 1 1 0 1 0 1 1 0 1 0 0 1 1
1 1 1 0 1 0 0 0 1 1 1 0 1 0 1 1 0 0 0 1
0 1 1 0 1 1 1 1 1 0 1 0 0 1 0 1 0 1 1 1
1 0 0 0 0 1 0 0 1 0 1 0 0 0 0 1 0 0 1 1
0 1 0 1 0 0 0 1 0 0 1 1 0 0 1 0 1 0 1 1
0 0 1 0 1 0 1 1 0 1 0 0 1 1 0 1 1 1 0 1
0 1 1 1 0 0 0 1 0 1 0 0 1 0 1 1 1 1 1 1
1 1 1 0 1 0 1 0 0 1 0 1 1 0 1 0 0 0 1 0
1 0 1 0 1 1 0 0 0 1 1 0 1 1 0 0 1 1 0 1
0 1 1 0 1 1 1 1 1 0 1 0 0 0 0 0 0 1 0 1
1 1 0 1 0 1 0 0 1 1 0 1 1 1 0 0 1 0 0 0
1 1 1 1 0 1 1 0 1 0 0 0 0 1 1 0 0 0 1 0
1 0 0 0 0 1 1 1 1 1 1 1 1 1 1 1 0 1 0 1
1 1 0 1 0 1 1 0 1 1 0 1 1 0 1 0 0 1 0 1
0 1 0 1 1 1 1 1 1 1 1 1 0 1 1 0 0 0 1 1
1 1 1 1 1 1 0 0 1 1 0 1 0 0 0 0 1 0 0 0
0 1 0 0 0 1 1 1 0 1 1 0 0 1 1 1 1 1 1 1
1 0 1 1 1 0 1 0 1 1 0 0 1 1 1 1 0 1 0 0
1 0 0 1 0 1 1 0 1 0 1 0 1 0 1 1 0 1 0 1
0 0 0 1 0 0 1 0 0 1 0 1 1 1 1 1 0 0 1 0
1 1 0 0 0 0 0 1 1 0 0 1 1 0 0 0 1 1 0 1
0 1 0 1 1 0 1 1 0 0 1 0 0 1 0 0 0 1 1 0
0 1 1 0 0 0 1 0 0 1 0 0 1 1 0 1 1 0 1 1
0 1 0 1 1 0 0 1 0 1 0 1 0 1 0 1 1 0 1 0
1 1 1 1 1 0 0 0 0 0 0 1 0 1 1 1 0 0 0 1
1 0 1 0 1 0 0 0 0 1 1 1 1 0 1 1 1 0 1 0
1 0 0 0 0 1 0 1 0 1 0 1 0 0 0 0 0 0 0 1
0 1 1 0 1 0 1 1 1 1 1 1 0 1 1 0 1 0 1 1
0 0 1 0 1 0 1 1 1 1 0 1 0 1 1 1 1 0 0 1
1 0 1 1 1 0 0 0 1 0 1 0 1 0 1 0 0 1 0 0
0 0 1 1 1 1 1 0 1 0 1 1 0 1 1 1 0 0 0 1
1 1 0 1 1 1 1 1 0 1 0 1 1 1 0 0 0 1 1 0
1 1 0 0 0 1 0 1 1 1 1 0 0 1 1 1 0 1 0 0
0 1 0 0 0 0 0 1 1 0 0 1 0 1 1 1 0 0 1 0
1 0 1 0 0 0 0 1 1 0 0 1 1 1 1 1 1 0 0 1
0 0 0 0 0 1 0 0 1 1 0 0 0 0 1 1 1 0 1 1
0 0 1 1 0 0 1 0 1 0 1 1 1 0 0 0 0 1 0 0
0 1 0 1 1 0 0 0 1 1 0 1 1 1 1 1 0 1 0 0
1 1 0 1 0 1 0 1 0 0 1 1 1 1 1 0 0 0 0 0
0 1 0 1 1 0 0 1 0 1 0 1 0 1 1 0 0 0 0 1
0 0 1 0 1 1 0 1 0 1 1 1 0 0 0 1 1 1 0 1
1 0 0 0 1 1 1 1 1 1 0 0 0 0 0 1 1 0 0 0
0 0 0 0 1 0 1 1 1 0 0 0 1 0 1 0 0 1 1 1
0 0 0 1 1 1 1 0 0 1 0 1 0 0 1 1 1 0 0 1
0 0 0 0 0 1 0 0 1 0 0 1 1 1 1 1 0 0 1 1
0 1 0 1 0 1 0 1 0 1 1 0 1 0 0 0 1 0 1 1
1 1 1 1 0 0 1 1 0 1 1 1 1 0 1 0 1 1 1 0
1 0 1 1 0 0 1 1 0 0 1 1 1 0 1 0 1 0 1 0
0 1 1 0 1 0 1 1 1 0 0 0 0 0 1 0 1 1 0 0
1 1 1 0 0 1 1 1 1 1 0 0 0 0 1 0 1 1 1 1
1 1 0 1 1 1 0 0 0 0 0 0 0 1 1 1 0 0 1 0
0 1 1 0 1 0 0 1 1 0 1 1 1 0 1 0 0 1 0 1
0 0 1 1 0 0 1 1 0 0 1 0 0 0 1 1 0 1 0 1
1 1 1 1 0 1 1 0 0 0 0 1 0 1 1 0 1 0 1 0
0 0 1 0 1 0 1 0 1 0 0 1 0 1 1 0 0 1 1 1
1 0 1 0 1 1 0 0 0 0 1 0 1 1 0 1 1 0 1 0
0 0 0 0 1 0 1 0 1 0 0 1 0 1 0 0 1 1 0 0
0 0 0 0 0 1 1 1 0 0 0 0 1 0 0 1 1 1 1 0
0 0 1 1 1 1 1 0 1 1 0 0 1 0 0 0 0 0 1 1
1 0 0 1 1 0 0 0 0 1 1 0 1 0 1 0 1 1 1 0
0 0 1 1 0 0 1 0 1 1 1 0 1 0 1 0 0 0 1 0
0 1 0 0 0 0 1 1 1 1 0 0 0 0 1 0 1 1 0 1
1 0 0 0 1 1 1 0 0 0 0 1 0 0 0 1 0 1 0 0
1 1 1 1 1 0 0 1 1 0 1 1 0 1 1 0 1 1 0 1
1 0 1 1 1 1 1 0 1 1 0 1 1 1 0 1 1 0 1 0
1 0 1 1 1 0 1 0 1 1 1 0 0 0 1 0 1 0 1 0
1 0 1 0 0 0 1 1 1 0 0 0 1 0 1 1 0 1 1 0
0 0 1 1 1 0 0 1 1 0 0 0 0 1 0 0 1 0 0 1
1 1 1 0 0 1 0 1 0 0 0 1 1 0 0 0 0 1 1 1
1 1 1 1 0 0 1 1 0 1 1 0 0 0 0 1 1 0 0 1
1 0 0 1 0 1 0 1 0 0 0 1 1 0 0 0 0 0 1 1
0 0 0 0 1 0 1 1 0 1 1 1 0 0 1 1 1 1 0 0
1 1 0 0 1 0 0 1 1 0 0 1 0 1 1 1 0 1 0 1
1 0 1 1 0 1 0 1 0 1 0 1 0 0 1 1 1 0 0 1
0 0 1 0 0 1 1 1 0 1 0 0 0 0 0 0 1 0 1 0
0 1 1 1 0 0 0 0 0 1 1 0 1 0 0 1 0 0 1 1
1 1 1 0 1 1 0 1 0 0 0 1 0 0 1 0 0 0 0 0
1 0 1 1 1 0 0 0 0 0 1 0 0 1 0 1 0 1 1 0
1 1 1 0 1 1 0 0 1 1 1 0 0 1 0 0 1 1 0 1
0 1 1 0 1 1 0 1 0 1 0 0 0 1 1 1 0 1 1 1
0 0 1 0 0 1 1 0 0 1 0 0 0 0 1 0 1 1 1 1
0 0 0 0 0 1 1 1 1 1 0 1 1 0 0 0 0 1 0 0
0 1 1 1 0 0 0 0 1 1 1 0 1 0 1 1 1 1 0 0
1 0 1 1 1 0 0 1 0 1 1 0 1 1 1 1 0 1 0 0
1 1 1 1 0 1 0 0 0 1 1 0 1 1 0 0 0 1 0 0
1 0 0 1 0 0 1 1 0 1 1 1 0 1 1 1 0 1 0 0
0 1 1 1 0 0 1 1 1 0 1 1 1 0 1 1 0 0 1 1
0 0 0 1 0 1 0 0 1 1 0 0 1 0 1 0 1 0 1 1
1 1 1 1 1 1 1 1 0 1 0 0 1 0 0 0 1 0 0 1
1 1 0 0 1 1 0 0 0 1 1 0 1 1 0 0 1 0 1 1
1 1 1 0 0 0 1 1 1 0 0 0 1 0 1 1 0 0 1 1
0 1 1 0 1 0 0 1 1 0 1 0 1 1 1 0 1 1 0 1
0 1 1 1 0 1 1 1 1 1 0 0 0 0 1 1 0 0 0 1
0 0 0 1 1 0 1 0 0 1 1 0 0 1 0 0 1 0 1 0
1 1 0 0 0 1 1 1 0 1 1 0 0 0 1 1 1 0 0 0
0 0 1 1 1 0 1 0 0 0 1 1 1 0 0 0 0 1 0 1
0 0 1 0 0 0 0 0 0 0 1 0 1 1 0 0 0 1 0 1
1 0 0 1 1 1 1 0 1 0 0 1 0 0 0 1 1 0 0 1
1 0 0 0 0 1 1 0 0 1 0 0 1 0 1 0 1 1 1 1
1 1 0 1 1 1 1 0 1 1 1 1 1 0 1 0 1 1 0 0
1 1 0 1 0 1 0 0 1 1 0 1 1 1 1 0 0 0 0 0
0 0 1 0 1 0 1 1 0 0 0 1 1 1 1 1 0 1 0 1
0 0 0 0 1 1 0 1 0 1 0 1 1 0 1 1 0 0 1 0
0 1 0 1 1 0 0 1 0 1 0 1 1 1 1 1 1 1 1 0
1 0 1 1 1 0 1 0 0 0 0 0 1 1 0 0 1 0 0 1
1 0 0 1 1 1 1 1 0 1 1 1 1 0 1 1 0 0 1 0
0 1 0 1 0 1 0 0 1 1 1 0 1 0 1 1 0 0 0 1
1 1 0 1 1 1 0 0 0 0 1 1 1 1 0 1 1 1 0 0
1 0 1 0 0 1 1 1 1 0 0 0 0 1 1 1 0 0 0 0
1 1 1 1 0 0 1 1 1 0 0 0 0 0 1 1 0 0 1 0
0 0 1 0 0 0 1 0 0 1 0 0 0 0 0 1 0 1 0 0
0 1 0 1 1 0 0 0 1 1 1 0 1 1 0 0 1 0 0 1
1 1 0 0 0 1 0 1 1 0 0 0 0 0 1 1 1 0 0 1
0 1 0 0 0 1 1 1 1 0 1 1 1 1 1 0 1 1 1 0
1 1 1 1 0 1 1 0 0 1 0 0 0 0 1 1 1 1 1 1
0 1 0 0 1 0 0 0 1 1 0 0 0 0 0 1 1 0 1 0
0 0 0 1 1 0 1 1 1 0 0 0 0 1 0 0 1 0 0 1
1 1 1 0 1 1 0 0 0 0 0 1 0 0 1 1 1 1 1 0
0 1 0 1 1 1 0 0 0 0 0 0 0 1 0 1 1 1 1 0
1 1 0 1 1 0 1 0 1 0 1 0 0 1 0 1 1 0 1 1
1 0 1 1 0 1 0 0 1 0 0 0 0 1 1 0 1 1 0 0
0 0 0 1 0 0 1 0 1 1 0 0 1 0 1 0 0 1 1 0
1 1 0 0 0 1 0 1 0 0 0 0 1 1 0 0 1 0 1 0
0 0 0 0 0 0 0 1 0 0 0 0 1 0 0 0 1 1 0 1
1 1 1 1 1 0 0 1 0 0 0 1 0 0 0 0 0 1 1 0
1 1 0 1 1 1 0 1 0 1 1 0 1 1 0 0 0 1 1 1
0 1 0 1 0 0 0 0 0 1 0 1 1 0 0 1 1 0 1 1
0 0 0 0 1 1 0 0 1 1 0 1 1 1 1 0 1 1 1 1
0 1 0 0 1 0 0 1 1 1 0 1 0 1 0 0 0 0 0 0
1 0 0 0 1 1 1 0 1 1 1 1 1 0 0 0 1 0 0 0
1 0 1 0 1 0 1 0 1 1 1 0 0 1 1 1 1 1 0 1
0 1 1 1 1 0 0 1 1 1 0 0 1 0 1 0 1 0 0 0
0 0 0 0 0 0 0 1 1 1 0 1 1 0 0 0 1 0 1 0
1 1 1 0 1 0 0 0 0 0 1 0 1 1 0 1 1 1 1 0
1 0 0 1 1 1 1 0 0 1 1 1 1 0 1 1 0 1 0 0
1 1 1 1 1 1 0 0 1 1 1 0 0 1 0 1 0 0 1 0
1 1 0 0 1 0 0 1 0 0 1 0 0 0 0 0 1 0 0 0
0 0 0 0 0 0 0 1 0 1 1 0 0 0 0 1 1 0 1 0
1 1 0 0 0 0 1 0 1 0 0 0 0 0 1 0 1 0 0 0
1 0 0 0 0 1 1 1 0 0 1 1 0 1 1 0 1 0 1 0
0 0 0 1 0 0 0 1 1 1 1 0 0 0 0 1 0 1 1 1
0 0 0 1 1 1 0 1 1 1 1 1 1 0 1 1 0 0 1 0
1 1 1 0 1 0 1 1 1 0 0 0 0 0 1 1 0 0 1 1
0 1 0 0 0 0 1 0 0 1 1 1 1 0 1 1 0 0 1 1
0 0 0 0 1 0 0 0 1 1 1 1 0 0 0 0 0 1 0 0
0 1 0 0 1 0 1 0 1 0 1 0 0 1 0 1 1 1 1 0
0 1 1 1 0 1 1 1 1 1 1 1 1 1 1 0 0 1 1 0
0 1 1 0 1 1 1 1 1 1 0 0 0 1 1 1 1 0 0 0
1 1 0 0 0 0 1 0 1 1 1 1 0 1 0 1 0 1 1 0
1 0 1 1 1 1 0 1 1 1 0 1 1 1 1 1 1 1 0 1
1 1 1 0 0 0 0 0 0 1 1 0 1 0 1 1 0 0 1 0
0 1 1 1 1 1 0 0 1 0 1 1 1 1 1 0 0 1 0 0
0 0 0 0 1 0 0 1 1 0 0 0 0 1 1 1 0 1 1 0
1 0 1 0 1 0 0 0 1 1 0 1 1 0 0 0 0 0 0 0
1 1 1 1 1 1 0 1 0 1 1 1 1 1 1 1 1 1 1 0
0 0 0 0 0 1 0 1 1 1 0 0 0 0 0 0 1 0 1 1
0 0 1 1 1 0 0 0 1 0 1 1 0 1 1 1 0 1 0 1
0 1 0 1 1 0 0 1 0 1 1 1 1 1 1 0 0 1 0 0
0 0 0 0 0 1 1 1 0 1 0 0 0 0 1 0 1 1 1 1
0 0 0 1 0 0 0 0 0 1 1 0 1 1 0 0 1 0 1 1
1 0 1 0 0 0 1 0 1 1 1 0 0 0 0 1 0 0 0 1
1 0 1 1 1 0 0 0 1 1 1 1 0 1 1 1 1 0 0 1
0 0 0 1 1 0 0 1 1 1 0 1 1 0 1 0 1 1 1 1
0 1 1 0 0 1 0 0 0 0 1 0 0 0 1 0 1 1 0 1
1 0 0 1 0 0 1 0 0 1 0 0 1 0 1 1 1 1 0 0
1 1 1 1 0 0 0 1 0 0 1 1 1 0 1 0 1 1 0 0
0 0 1 1 1 0 1 0 1 1 0 0 1 0 0 0 1 1 0 0
0 1 1 1 1 0 1 0 1 1 0 1 1 0 1 0 1 1 0 1
1 0 1 1 0 1 1 0 0 1 0 1 1 1 1 0 0 1 1 0
0 1 1 0 0 1 0 1 0 1 0 0 0 1 1 1 0 0 1 0
0 1 0 1 0 0 0 1 1 0 1 1 0 1 0 0 0 0 1 0
1 0 1 1 1 0 1 1 1 1 1 1 1 0 0 1 1 0 1 1
0 1 0 0 0 1 0 1 0 0 0 1 0 0 0 1 1 0 1 1
0 1 0 0 1 0 0 0 1 1 0 1 0 0 0 0 1 1 1 0
0 1 0 0 1 0 1 1 0 1 1 0 1 1 0 0 1 1 0 1
0 0 0 0 0 0 0 0 1 1 0 0 1 1 1 1 0 1 0 1
0 0 0 0 1 0 0 1 0 1 0 0 1 0 1 1 0 1 1 1
1 1 0 0 0 1 0 1 1 1 0 1 0 0 1 0 0 0 1 1
1 1 1 1 1 1 0 1 1 1 0 1 1 0 1 1 1 1 1 0
0 0 0 0 1 0 0 0 1 1 1 0 1 0 0 1 1 1 1 1
0 1 1 1 1 1 1 0 0 1 1 0 0 1 1 0 0 0 1 0
1 1 0 1 1 1 0 1 1 1 1 0 0 1 0 0 1 1 1 0
1 1 1 0 1 1 1 1 0 1 0 0 1 1 0 1 0 0 1 1
0 1 1 1 1 1 0 1 1 1 0 0 0 1 0 0 0 1 0 0
0 1 0 1 1 1 0 1 0 1 0 1 0 0 1 1 1 1 1 0
0 0 1 0 1 1 0 1 1 1 0 0 0 0 1 0 0 0 1 0
0 1 1 1 1 0 1 1 0 1 1 0 0 1 0 1 1 1 0 1
1 1 1 1 0 0 1 1 0 1 1 1 0 0 0 0 1 1 0 0
1 1 0 1 1 1 1 0 1 0 0 0 1 1 0 0 1 0 0 1
1 1 0 1 1 1 1 0 1 1 0 0 1 1 0 1 0 1 0 1
0 1 0 0 1 0 1 1 0 1 0 1 1 1 0 1 0 1 1 0
1 1 0 1 0 1 0 1 1 1 0 1 0 1 0 0 0 0 0 0
1 1 1 0 1 0 0 0 1 1 0 1 0 0 0 1 1 0 1 0
1 0 0 1 1 0 1 1 0 0 1 0 0 1 1 1 1 1 1 1
1 0 1 1 1 0 1 1 0 1 1 1 1 0 0 1 1 0 1 0
0 0 0 1 1 1 1 1 1 0 0 0 1 1 1 0 0 1 1 1
1 1 0 0 1 1 0 1 1 0 0 0 1 1 0 1 1 0 0 0
1 1 0 1 0 0 1 0 1 0 0 1 1 0 0 0 0 1 0 1
1 0 0 1 1 0 1 0 1 0 1 1 1 0 1 1 0 1 0 0
1 1 1 0 0 0 1 0 0 1 0 0 0 1 1 1 1 1 1 0
0 0 1 0 1 0 1 0 0 1 0 0 0 1 1 1 0 0 1 0
1 1 0 0 1 0 0 1 1 0 0 1 0 0 1 0 1 0 1 1
1 1 0 1 1 1 0 0 1 1 1 0 1 0 0 1 1 0 0 1
0 1 1 0 0 1 1 0 0 1 0 1 0 0 0 1 0 0 0 1
1 1 1 1 0 1 0 0 1 0 0 1 0 1 0 1 1 1 0 0
0 0 0 0 1 0 0 1 1 1 0 0 0 1 1 1 0 1 0 0
1 0 1 1 0 0 1 0 0 0 0 1 0 1 1 0 0 1 1 0
0 1 0 0 1 0 1 1 1 1 1 0 0 1 0 1 1 1 1 0
0 0 0 1 1 0 1 1 0 1 1 1 0 0 0 1 0 0 1 0
1 0 1 0 0 0 0 1 0 0 1 1 1 1 0 0 0 0 0 0
0 1 1 0 1 0 0 0 1 0 0 1 1 0 1 0 1 0 1 0
0 1 0 1 1 0 1 0 0 1 1 1 0 0 1 1 1 0 0 1
1 1 1 0 0 1 1 1 0 0 1 1 1 1 1 0 0 1 0 1
1 1 0 1 1 1 0 1 0 0 0 1 1 0 0 1 1 1 1 0
1 0 1 1 1 1 0 0 0 1 0 1 0 0 1 0 0 1 1 0
0 1 0 1 0 1 1 0 1 0 0 1 0 0 0 0 0 1 0 0
1 1 1 1 0 1 1 1 1 0 1 1 1 1 0 0 1 0 0 1
0 0 1 0 1 1 0 1 1 1 1 1 0 0 0 0 1 1 1 1
0 1 0 0 1 0 0 1 1 1 1 0 0 0 1 0 1 0 0 0
0 1 1 1 1 0 0 0 1 1 1 0 1 0 1 1 1 0 0 0
0 0 1 1 0 1 0 0 0 0 1 0 1 1 1 0 1 0 1 1
1 0 1 0 0 0 1 0 1 0 0 0 0 1 0 1 0 1 0 0
1 0 0 0 0 0 0 1 1 0 0 1 0 0 0 1 1 1 1 1
1 0 1 1 0 0 1 1 1 1 0 0 1 1 1 1 0 1 1 0
0 0 0 0 1 1 1 0 0 0 0 0 1 0 0 1 1 1 1 1
1 1 1 0 0 0 1 0 0 1 1 0 1 0 0 1 0 0 0 0
1 1 0 1 1 1 0 0 1 0 1 1 0 0 1 0 1 1 1 1
0 0 0 1 1 0 1 0 1 1 0 0 1 1 1 0 0 0 1 0
0 0 1 0 1 0 0 1 0 1 1 0 1 0 1 0 1 1 1 0
0 0 1 0 1 0 0 0 1 1 1 0 1 0 0 1 1 1 0 1
0 1 0 0 1 0 1 0 1 1 1 1 0 0 0 1 0 1 0 1
1 0 1 0 1 1 1 0 1 0 1 0 0 0 0 0 0 0 1 1
1 1 0 0 0 1 0 1 0 1 1 1 0 0 0 1 0 0 1 0
0 1 0 0 1 1 1 1 1 0 1 0 1 1 0 0 1 1 1 1
1 0 0 1 0 1 0 0 1 0 0 1 0 1 1 0 1 0 0 1
1 0 0 0 1 1 1 1 0 0 1 0 0 1 0 0 0 0 1 0
1 1 1 0 0 1 0 0 1 1 1 0 0 1 1 1 1 0 1 0
1 0 0 0 1 1 1 1 0 0 1 0 1 0 0 0 1 0 1 0
1 0 0 1 0 1 1 1 1 0 1 0 0 1 1 1 0 0 0 1
1 0 1 1 1 1 1 1 1 1 0 0 0 0 0 0 1 1 1 1
1 1 1 0 1 1 1 1 0 1 1 1 0 0 0 1 0 0 0 1
0 1 1 0 1 0 0 0 0 1 1 1 1 0 1 1 1 0 1 1
0 1 0 1 0 0 0 1 1 0 1 0 0 0 0 0 1 1 1 0
0 0 1 1 1 0 0 1 1 0 1 0 0 1 1 0 0 0 0 1
1 0 1 0 0 1 1 1 0 0 0 1 0 0 0 1 1 1 1 1
0 0 1 0 1 0 1 1 1 1 1 1 0 0 0 0 0 0 0 1
0 0 1 0 1 0 1 1 0 0 1 1 0 0 1 1 0 0 0 0
1 1 0 0 1 0 1 1 1 1 0 1 1 1 0 1 1 0 1 1
1 0 0 0 0 0 1 0 0 1 0 1 0 1 0 1 0 1 0 1
0 1 0 0 1 1 1 1 0 0 0 0 0 1 1 1 0 1 1 1
1 0 0 0 0 0 1 0 0 1 1 1 1 0 0 0 0 0 1 1
1 1 0 1 0 0 1 0 0 1 0 0 1 0 0 0 1 1 0 0
0 1 0 0 1 0 0 0 1 0 0 1 0 1 1 1 0 1 0 0
0 1 1 0 0 0 0 0 0 1 1 0 1 0 1 1 0 1 1 0
0 1 1 1 0 1 0 1 1 0 0 0 0 0 1 0 0 1 0 1
0 0 0 1 1 0 1 1 0 0 1 0 1 0 0 1 1 0 1 0
0 1 0 0 1 1 0 0 1 1 1 0 0 1 1 0 1 1 0 0
1 1 0 0 1 1 1 1 0 0 1 1 1 0 1 0 1 1 0 0
0 0 1 0 1 1 0 1 1 0 0 1 1 1 1 0 1 0 1 0
0 0 0 1 0 0 0 1 0 1 1 0 0 0 0 1 1 1 0 1
0 0 0 1 0 1 1 0 0 0 1 1 0 1 1 0 0 0 1 0
1 1 0 0 0 1 0 1 1 0 1 0 1 1 1 0 0 0 1 1
0 1 1 1 1 1 1 0 1 0 1 0 0 1 0 0 0 0 0 1
1 0 1 1 0 0 1 0 0 1 1 0 0 0 0 1 1 1 0 1
0 0 0 1 0 0 1 1 1 1 0 1 1 0 1 1 0 1 0 0
1 0 0 1 0 1 1 1 1 0 1 0 1 1 0 1 1 1 0 1
0 1 0 0 1 0 1 0 1 1 1 1 1 1 1 1 1 0 1 0
0 0 1 1 1 1 0 1 1 0 0 0 0 0 0 0 0 1 1 0
0 1 0 1 1 0 1 0 1 0 1 0 1 1 1 0 1 1 1 0
1 1 0 1 0 1 0 0 0 1 1 1 1 1 1 0 1 0 0 1
0 1 1 1 0 1 0 1 1 1 1 0 0 1 0 0 1 0 1 0
0 0 1 1 1 1 1 0 1 1 1 0 1 0 1 0 0 1 0 1
0 1 0 1 1 1 1 1 0 1 1 1 1 0 1 1 1 0 0 1
0 0 0 1 0 0 0 1 0 0 0 1 1 1 0 1 1 0 1 0
1 0 1 0 0 1 1 1 1 0 0 0 1 0 0 1 1 0 0 1
1 1 1 0 1 0 0 0 0 0 1 1 1 0 1 1 1 1 1 1
0 0 0 1 1 1 1 0 1 1 1 0 0 1 1 1 0 1 1 1
1 0 1 1 0 0 1 0 0 0 0 1 1 0 0 1 1 0 0 1
1 1 1 1 0 1 1 1 0 0 1 0 0 0 0 0 1 0 0 1
0 0 1 1 1 0 1 0 0 0 1 1 1 1 1 0 0 0 1 0
0 0 0 0 0 1 0 1 1 0 1 1 0 0 1 1 0 1 0 1
0 1 1 0 1 1 0 1 1 0 0 1 0 0 0 1 1 0 0 0
1 0 0 0 0 0 1 1 0 1 0 1 0 1 1 0 0 1 0 1
1 0 1 1 1 1 0 0 1 1 0 1 0 1 0 1 0 1 0 0
1 0 0 0 0 0 0 1 0 1 1 0 0 1 1 1 0 1 0 1
0 0 0 1 1 1 0 0 1 1 0 1 0 1 1 1 1 0 0 1
0 0 0 1 1 1 1 1 1 0 0 0 0 1 1 1 0 1 1 1
1 1 1 1 1 0 1 0 0 1 0 0 0 1 0 0 0 1 0 1
0 0 0 0 0 0 0 1 1 1 1 0 0 1 1 0 1 0 0 1
1 0 1 0 0 1 1 1 1 1 1 0 1 1 1 1 1 1 0 0
1 1 0 1 0 0 1 0 0 1 0 1 0 0 0 0 0 0 1 0
1 1 0 1 0 1 0 1 1 1 1 0 1 0 0 0 0 1 1 1
1 1 0 1 0 1 0 0 0 1 1 0 1 1 0 1 0 1 1 1
0 0 1 0 1 1 1 0 0 0 0 0 1 1 1 1 1 0 1 0
1 0 0 1 0 1 0 0 1 0 0 1 0 1 0 0 0 1 1 0
1 0 1 0 1 1 0 1 0 1 0 0 1 1 1 1 1 1 1 0
0 0 1 1 1 1 0 0 1 1 0 1 0 1 0 1 1 1 0 1
0 1 1 1 0 1 1 0 1 1 1 0 1 0 1 0 1 1 1 1
0 0 0 0 0 0 1 0 1 0 0 1 1 1 1 0 1 1 1 0
0 0 1 0 0 0 0 0 0 0 1 1 0 1 0 1 0 0 1 1
1 0 0 0 0 0 1 1 1 1 1 0 0 0 1 0 1 0 0 1
0 1 1 0 1 1 0 1 0 0 1 1 0 0 1 0 0 1 1 1
1 1 1 0 0 0 1 0 1 0 1 1 1 0 0 0 0 0 0 1
0 0 1 1 1 1 0 1 0 1 0 0 1 0 0 1 0 1 1 1
1 1 1 1 1 1 1 0 1 1 0 0 1 0 1 0 0 0 0 0
1 0 0 0 0 0 0 1 1 0 1 1 0 0 0 1 0 0 0 1
0 1 1 1 0 0 1 1 1 1 0 1 1 0 0 0 1 0 1 0
1 1 0 1 1 0 0 0 0 1 1 1 1 0 0 1 1 0 0 1
1 0 0 0 0 1 1 0 0 0 0 0 1 0 0 0 0 0 1 1
1 0 1 1 0 0 0 0 0 1 0 1 0 0 1 1 1 1 1 1
1 0 0 0 1 0 1 1 1 1 1 0 1 0 0 1 1 1 0 0
0 0 1 1 1 0 0 1 1 0 1 1 0 1 1 1 1 0 1 1
1 1 1 0 0 0 1 0 1 1 0 1 1 0 0 1 1 0 0 1
1 1 0 1 1 0 1 0 0 0 0 0 1 1 0 1 0 1 1 0
0 1 0 0 0 0 0 0 0 0 1 0 1 1 1 0 1 1 1 1
1 0 1 0 1 1 0 0 1 1 1 0 1 0 1 1 1 0 0 1
1 1 1 1 0 0 0 0 1 1 0 1 0 1 0 1 0 0 1 1
1 1 1 1 1 1 0 0 0 1 0 0 1 0 0 1 1 0 0 0
0 1 0 0 1 1 0 0 0 0 0 1 1 1 0 1 1 0 0 1
1 1 0 0 1 1 1 1 1 1 1 0 0 0 0 0 0 0 1 1
1 0 0 1 0 0 0 1 0 1 1 1 1 0 0 0 1 1 0 1
1 0 1 0 1 0 1 1 1 1 0 1 0 0 1 1 0 0 0 1
0 1 0 0 1 0 0 0 0 0 0 0 0 1 1 0 1 0 0 0
1 1 0 1 1 1 1 0 1 1 0 1 0 1 0 0 0 1 0 1
1 0 1 0 1 1 1 0 0 0 1 1 1 0 0 1 1 0 1 1
0 0 1 0 0 0 1 0 0 0 1 1 1 0 0 0 0 1 1 1
1 0 0 0 0 1 0 1 0 1 0 0 1 1 1 0 1 1 1 0
1 1 1 1 0 1 0 0 1 0 0 0 0 1 0 1 0 1 0 1
0 1 1 1 1 1 1 1 1 0 1 0 1 1 1 1 0 1 0 1
1 0 0 1 1 1 1 1 0 1 1 1 1 1 1 1 1 1 1 0
0 1 1 1 0 1 0 1 0 1 0 0 0 0 1 1 1 1 1 0
1 0 1 0 0 0 1 0 1 0 0 0 1 1 1 0 0 0 1 1
0 1 1 0 0 0 1 0 1 0 1 0 0 0 1 1 0 1 1 0
0 1 1 0 1 1 0 0 0 0 1 0 0 1 0 1 0 0 0 0
0 1 0 0 1 1 1 1 1 0 0 0 0 0 1 1 1 0 1 0
0 1 0 0 0 0 0 1 1 1 1 0 0 0 0 1 1 0 1 1
0 0 0 1 0 1 1 0 0 1 1 1 0 0 1 0 0 0 1 1
1 0 1 1 1 1 1 1 0 0 0 1 1 1 1 0 0 0 0 1
0 1 0 1 1 0 1 0 1 1 1 0 0 0 1 0 0 1 0 0
0 1 1 1 1 0 0 0 1 0 0 0 1 1 0 0 0 1 0 0
0 1 0 0 0 0 0 0 0 0 1 0 1 0 0 1 0 1 0 1
0 0 1 1 1 0 1 0 1 0 0 0 1 1 0 1 1 1 0 0
0 1 1 0 1 1 1 0 0 1 1 0 0 0 1 1 1 0 0 0
1 0 1 0 1 1 0 1 1 0 1 1 1 0 1 1 0 1 0 0
0 1 1 1 0 1 0 1 0 0 0 0 1 1 0 1 1 1 1 1
0 1 1 0 1 0 1 1 1 0 0 1 0 0 1 0 0 0 1 0
0 0 1 0 0 1 0 1 1 0 0 0 0 0 1 0 0 1 1 1
1 0 0 0 0 0 1 1 0 1 1 1 1 1 1 0 1 0 1 0
1 0 0 1 0 1 0 1 1 1 1 1 0 0 1 1 1 0 0 0
0 0 1 1 1 0 0 0 1 1 0 1 0 0 0 1 0 1 0 0
0 0 1 1 0 1 0 1 1 1 1 1 1 1 1 1 0 1 1 1
0 0 0 1 1 0 0 0 0 1 0 1 0 1 0 1 1 0 0 0
1 1 0 1 0 1 0 0 1 0 0 0 1 0 0 1 0 1 0 1
1 1 1 1 0 1 0 0 1 1 1 0 0 0 0 1 1 0 0 1
1 0 0 0 1 0 0 1 0 0 1 0 1 0 1 0 1 0 1 0
0 1 0 0 1 0 1 1 0 1 0 1 1 0 1 0 1 1 1 1
1 1 1 0 1 0 1 1 1 1 1 1 0 0 1 0 0 1 1 0
1 0 0 1 0 1 1 1 0 0 0 0 0 0 1 0 1 1 1 1
1 0 0 1 1 0 0 1 1 1 0 1 0 0 1 0 0 1 0 1
1 0 0 1 1 0 1 1 1 0 1 1 0 0 1 1 1 1 1 1
1 1 0 1 0 0 1 0 1 1 0 1 0 0 1 1 1 0 0 0
1 0 0 0 1 1 1 1 0 1 1 1 0 1 1 0 1 1 1 0
0 0 0 1 1 1 0 1 0 1 0 0 1 1 1 0 1 1 1 0
1 0 0 0 0 0 1 1 0 0 1 1 1 0 1 1 0 0 0 1
1 0 0 1 1 1 1 1 1 0 0 0 0 0 0 0 0 1 0 1
1 0 1 1 1 0 0 0 1 0 1 0 1 1 0 0 0 0 0 0
1 0 1 1 1 1 1 0 1 0 1 1 1 1 1 0 1 1 1 0
1 0 1 1 1 0 0 1 1 1 0 0 1 0 0 1 1 0 0 0
1 1 0 1 1 0 0 1 1 1 0 1 0 1 0 1 1 1 1 1
1 1 0 0 1 1 0 0 1 1 0 0 0 0 0 1 1 1 1 0
0 1 1 0 1 1 0 1 0 0 1 1 0 1 0 1 0 1 1 0
1 0 0 0 1 1 0 0 1 0 1 0 1 0 1 0 0 1 1 1
0 1 1 1 0 1 0 1 0 0 1 0 1 1 1 0 0 0 1 0
0 1 0 0 0 0 0 1 0 1 0 0 1 1 0 0 1 1 1 0
1 1 1 0 1 0 1 0 0 0 1 0 1 0 0 0 1 1 0 1
0 0 1 1 0 0 1 1 0 1 1 0 0 1 1 1 0 1 0 1
0 1 0 0 1 1 1 0 0 1 1 1 1 1 1 1 0 1 1 1
1 1 0 1 1 1 0 1 1 1 0 0 1 0 1 1 1 1 1 0
0 0 0 1 0 1 0 0 0 1 0 1 0 0 1 1 1 1 1 1
0 1 0 1 0 0 1 1 1 1 0 0 0 1 1 1 0 0 1 1
1 1 0 1 0 0 1 0 0 1 0 0 1 1 1 0 1 1 1 1
0 0 1 1 0 0 1 1 1 1 0 1 0 0 1 0 0 0 1 0
0 1 0 1 0 0 0 1 0 0 0 0 1 1 1 1 1 0 0 0
0 0 1 1 0 1 1 1 1 1 0 0 0 0 1 1 1 0 1 1
1 1 1 0 1 1 0 1 1 0 1 1 0 0 1 0 0 1 1 1
0 0 0 0 0 0 0 0 1 1 1 0 1 1 0 1 1 0 0 1
0 0 1 0 1 0 1 1 1 0 1 0 0 0 1 0 1 0 0 0
1 0 1 1 1 0 1 1 1 1 1 1 1 0 0 0 1 1 0 0
0 0 1 0 0 0 0 0 1 0 1 1 1 1 1 1 1 1 0 0
0 0 0 0 1 1 1 1 0 0 1 1 0 1 1 0 0 0 1 1
1 1 1 1 0 0 1 1 0 0 1 1 1 1 1 0 0 0 0 1
1 0 1 1 1 1 1 1 1 0 1 0 1 1 1 1 0 0 0 0
1 1 0 1 1 1 0 0 1 1 1 0 0 0 1 0 1 1 0 1
1 1 0 1 0 0 1 1 0 1 1 0 1 0 1 0 0 0 1 1
1 0 1 0 1 0 1 1 0 0 0 1 1 0 0 0 1 0 1 0
0 0 1 0 1 0 1 1 0 0 0 0 1 0 1 1 1 1 1 1
0 1 0 1 1 0 0 1 1 1 0 0 0 1 0 0 1 1 0 0
0 1 0 0 1 0 0 1 0 0 1 1 1 1 0 1 0 1 0 0
1 1 0 0 0 1 0 1 0 1 1 0 0 0 1 0 1 0 1 0
0 1 0 1 0 0 1 1 0 1 0 0 1 1 0 1 1 1 0 1
0 1 1 1 1 1 1 0 0 1 1 1 0 1 0 1 1 0 1 1
1 1 1 1 1 1 0 0 1 0 1 1 1 1 1 1 0 0 1 1
1 0 0 0 0 1 1 1 1 0 0 0 0 0 1 1 0 1 1 0
1 1 0 0 0 0 1 1 1 0 0 0 1 1 1 0 1 0 0 0
0 0 1 0 0 1 0 1 1 1 1 0 1 1 1 1 0 1 0 0
1 1 0 0 0 1 1 0 1 0 0 0 1 1 0 0 0 1 0 1
0 0 0 0 0 0 0 1 0 0 0 1 1 1 1 1 1 0 0 0
1 0 0 0 0 1 0 1 0 1 1 1 0 0 0 1 1 1 1 1
0 1 1 1 1 1 0 1 0 0 1 0 1 1 1 1 1 1 0 0
1 0 0 1 0 1 0 1 0 0 1 1 0 1 0 0 1 1 0 0
0 1 0 1 0 1 0 1 0 1 1 0 1 1 0 1 0 0 1 1
0 1 1 0 1 0 1 0 1 0 1 1 0 1 1 1 1 1 0 1
0 1 1 0 0 1 1 1 1 1 1 1 1 1 0 1 1 1 1 1
1 1 0 0 0 0 1 0 0 0 0 0 0 1 0 0 0 0 0 0
0 1 0 0 1 0 1 1 0 0 0 0 1 1 0 1 1 1 0 0
0 1 1 0 1 1 1 1 0 1 1 1 0 1 0 0 0 1 1 1
1 1 0 0 1 1 1 1 0 1 0 1 0 1 0 0 1 1 1 1
0 1 1 1 0 0 0 0 1 1 0 1 1 0 0 1 1 1 0 1
1 0 1 0 0 0 0 0 1 0 0 0 1 1 1 0 0 1 0 1
0 0 0 1 0 1 0 1 0 1 0 0 0 1 0 1 1 1 1 1
0 0 1 1 0 0 1 0 1 0 1 0 1 1 1 0 0 0 1 1
1 1 1 1 0 0 0 1 0 0 1 1 1 0 1 0 0 0 0 1
1 0 1 1 1 1 1 1 1 0 1 1 1 0 1 0 0 1 1 0
1 1 1 1 1 1 0 1 0 1 1 1 0 1 0 1 1 0 0 0
0 0 0 0 1 1 1 1 1 1 1 0 0 0 1 0 0 1 0 1
1 1 1 1 0 1 1 1 1 1 0 0 1 0 0 1 1 1 0 1
1 0 0 0 0 1 1 1 0 1 1 0 1 0 0 1 1 0 0 1
1 0 1 0 1 1 1 0 1 1 1 0 1 0 0 0 0 0 0 1
0 1 0 0 0 1 1 1 0 1 1 0 1 0 0 0 0 0 0 1
1 1 0 0 0 0 1 0 0 0 1 1 1 1 1 0 0 1 1 1
0 0 0 0 1 0 0 1 1 1 1 0 0 0 0 1 1 1 1 0
1 1 1 0 1 0 0 0 0 0 1 0 1 1 0 1 0 0 1 0
0 0 1 0 1 0 1 0 1 1 1 0 0 1 1 1 1 0 0 1
1 0 0 1 0 1 1 0 1 1 1 1 0 1 1 0 0 0 0 0
0 1 1 1 0 0 0 1 1 1 1 1 1 1 0 1 0 1 1 0
0 1 0 1 0 0 0 1 0 1 0 0 0 1 0 0 1 0 1 0
0 1 1 1 0 0 0 1 0 0 1 1 0 1 1 1 1 1 0 0
0 1 1 1 1 1 0 1 0 1 1 1 1 0 1 0 1 0 1 0
1 1 0 1 1 0 0 0 0 1 1 0 1 0 1 0 1 0 1 0
0 0 1 0 0 0 0 0 1 0 0 1 1 0 0 0 1 1 1 0
0 0 0 0 0 1 0 1 0 1 1 1 0 1 0 0 1 0 0 0
0 1 1 0 1 1 1 0 0 1 1 0 1 1 0 0 1 1 1 1
0 1 0 1 1 0 0 1 1 0 1 1 0 0 1 0 1 1 1 0
0 1 0 0 0 0 0 1 1 0 1 1 1 1 1 1 1 1 0 1
0 0 1 1 0 1 0 1 0 1 1 1 0 1 1 1 0 0 1 1
1 0 0 1 1 0 1 1 1 1 1 1 0 0 1 1 0 1 0 0
1 1 0 0 0 1 1 1 0 1 0 1 0 0 1 0 1 0 0 0
1 0 0 0 0 1 0 1 0 0 0 1 1 0 0 0 0 0 1 0
1 0 1 0 1 0 0 0 1 1 0 1 1 1 1 1 1 1 1 1
0 0 1 1 0 1 1 0 0 0 0 1 1 0 0 0 1 1 1 1
0 0 0 0 1 0 0 0 0 1 1 1 0 0 0 0 1 1 0 0
1 0 1 1 1 0 0 1 1 1 1 0 0 0 0 1 0 0 1 0
0 0 1 1 1 0 0 0 0 0 0 0 0 1 0 1 0 1 0 1
0 0 1 0 0 0 1 0 1 0 0 0 0 1 0 0 0 1 1 1
1 1 1 0 1 1 1 0 1 0 1 1 1 0 0 1 0 0 1 0
1 1 0 1 0 0 1 0 0 1 1 0 0 1 0 1 0 1 1 1
0 0 1 0 1 0 1 0 1 1 0 1 0 0 1 1 1 1 0 1
1 1 0 1 0 1 1 0 1 0 0 0 0 1 0 1 0 0 0 1
1 0 1 1 1 0 1 0 1 0 0 1 1 1 1 0 0 1 1 1
0 0 1 1 1 1 0 1 1 1 1 1 0 0 1 0 1 1 0 1
1 1 0 0 0 1 0 1 1 1 1 0 1 0 0 0 1 1 1 0
1 1 0 0 0 1 0 1 0 1 0 0 1 1 1 0 1 1 1 1
0 0 1 1 0 1 1 1 0 1 1 1 0 0 1 1 0 1 1 1
1 1 0 0 0 1 0 0 0 0 1 1 0 0 0 1 0 0 0 1
1 0 0 1 0 0 1 0 1 0 0 1 0 0 0 0 1 1 0 1
1 0 0 0 1 0 1 0 0 0 1 1 1 0 1 0 0 1 0 1
0 1 1 0 0 0 0 0 1 1 1 0 0 1 0 0 1 1 0 0
1 0 0 0 0 1 1 1 0 0 0 1 1 1 0 1 1 1 0 0
0 1 0 1 0 1 1 1 0 1 1 0 1 1 1 1 0 1 0 1
1 1 1 0 0 0 1 0 0 0 0 1 1 1 1 1 1 1 0 0
0 1 0 1 0 1 1 0 1 0 1 1 1 1 1 0 1 1 1 1
1 0 1 0 0 0 1 1 1 1 0 1 0 1 1 1 0 0 1 0
0 0 0 1 0 1 1 1 0 0 1 0 1 0 1 1 1 1 0 1
1 1 1 1 0 1 1 0 1 1 1 1 1 1 1 0 1 1 1 1
0 1 1 0 1 1 0 0 1 1 1 1 1 0 1 0 0 1 0 1
1 0 1 1 0 1 0 1 0 1 0 0 0 1 1 0 0 0 0 1
1 1 0 0 1 1 0 1 1 0 1 0 0 1 0 1 1 1 1 0
0 0 1 0 0 0 0 1 1 0 1 0 0 1 0 1 0 0 1 0
0 1 0 1 1 1 1 1 0 1 1 0 0 0 1 0 1 1 0 0
1 0 1 0 1 0 1 1 0 0 0 1 0 1 0 1 1 1 0 0
1 1 0 1 0 1 0 1 0 1 0 0 0 1 0 0 0 1 0 1
0 0 0 0 1 0 1 0 1 1 1 0 0 0 0 1 1 0 1 0
0 1 1 1 0 1 1 0 1 0 1 0 0 0 0 0 0 0 0 0
0 0 0 0 0 0 1 0 1 0 1 0 0 0 0 1 1 1 0 1
0 1 1 0 1 0 0 1 1 0 0 1 0 1 0 0 0 1 0 1
0 0 0 1 1 1 0 0 1 1 1 0 0 1 0 0 1 1 1 1
0 1 0 0 0 1 0 1 0 0 0 0 1 0 0 1 1 1 0 1
0 0 1 1 1 1 0 1 1 0 1 1 0 1 0 1 1 1 0 0
0 1 0 0 0 1 1 0 0 1 1 1 0 1 0 1 1 0 0 0
1 1 1 0 0 0 1 0 0 1 0 1 0 1 1 0 1 0 0 0
1 0 0 1 0 1 0 1 0 0 0 1 1 1 0 1 0 1 0 1
1 0 1 0 1 0 0 0 0 1 1 0 1 1 1 1 1 0 0 0
1 1 0 1 0 1 0 1 1 0 1 0 1 1 1 1 0 0 0 1
1 0 0 1 0 0 1 1 1 1 1 0 0 1 1 0 1 0 0 0
1 1 1 0 1 1 0 0 1 1 0 0 0 0 1 0 1 1 0 1
0 0 1 1 0 1 0 1 1 0 0 1 1 0 1 0 0 1 1 1
1 1 0 0 1 0 1 0 1 0 0 1 0 1 0 1 0 1 1 1
1 0 1 0 1 0 0 0 1 0 1 0 1 0 0 1 1 1 0 0
1 0 1 1 0 1 1 0 0 1 1 0 1 0 1 1 1 0 0 1
0 0 0 0 0 1 0 1 1 0 1 1 0 1 1 1 0 0 1 1
0 1 1 1 0 1 0 1 1 0 0 1 0 1 0 1 1 1 1 1
1 1 1 1 0 1 0 1 0 1 0 1 0 1 0 1 0 0 1 0
0 1 0 1 0 1 0 0 1 0 1 0 1 1 0 0 1 1 1 0
0 0 0 1 1 0 0 0 0 1 1 1 0 1 1 0 1 1 0 0
0 1 1 0 1 0 0 0 1 1 0 0 1 0 0 0 1 1 1 1
1 1 0 1 1 1 0 0 0 0 0 0 1 1 1 0 0 1 1 0
1 1 1 0 0 1 1 1 0 0 0 1 1 0 1 0 1 0 0 0
0 0 1 1 1 1 1 1 1 0 0 0 1 1 0 0 0 1 0 1
0 1 0 1 0 0 1 0 0 1 1 0 0 0 0 0 1 1 0 1
1 0 1 1 1 1 1 0 1 1 1 1 1 1 1 1 1 0 1 1
0 0 0 0 0 0 0 1 1 1 1 0 1 1 1 0 1 1 0 0
0 0 0 0 0 0 0 0 0 1 0 0 1 0 0 1 0 1 0 0
1 1 1 0 0 0 0 0 1 1 0 0 1 0 0 0 0 0 0 1
1 0 0 0 0 0 0 1 0 1 0 0 1 1 1 1 0 0 0 1
0 1 0 0 1 1 0 0 1 1 0 0 0 1 0 1 1 0 1 1
0 0 1 0 0 0 0 1 0 1 1 0 0 1 0 1 1 1 1 1
0 1 0 0 0 1 0 1 0 1 0 0 1 1 1 1 0 1 0 1
1 1 1 0 1 0 0 0 0 0 1 1 1 0 0 0 1 0 0 0
0 1 1 1 0 0 1 1 1 0 1 0 1 1 0 1 1 0 0 0
0 0 1 0 0 0 1 1 1 1 1 1 0 0 1 0 0 0 0 0
1 0 1 1 0 0 1 1 0 1 1 0 1 0 0 1 0 1 1 1
1 1 0 1 0 1 0 1 0 0 1 1 1 0 0 1 1 1 0 1
0 1 0 1 1 0 1 1 0 1 1 1 0 1 1 0 1 1 0 0
0 1 1 0 0 0 0 0 1 1 0 0 1 0 0 0 0 1 0 0
0 0 1 1 0 1 1 1 0 1 1 1 1 0 1 1 1 0 0 0
1 0 1 0 1 1 1 1 1 1 0 1 0 1 0 1 0 0 0 0
1 0 1 0 0 0 1 1 1 0 0 0 0 1 0 1 1 0 0 1
0 1 1 1 1 0 0 1 1 0 0 0 0 0 0 1 0 0 1 0
1 1 0 1 0 1 1 1 0 1 1 1 1 0 1 1 1 0 1 0
0 0 0 1 0 0 0 1 1 0 1 1 1 1 1 0 1 0 0 0
0 0 0 1 0 1 1 1 0 1 1 1 0 1 0 0 0 0 0 0
1 1 0 1 1 1 1 0 0 0 1 1 1 1 1 1 1 0 1 1
1 1 0 1 1 1 0 1 0 1 1 0 1 1 1 1 0 0 1 0
0 0 0 1 1 1 0 0 0 1 0 1 1 0 1 1 1 1 1 0
1 0 1 0 0 1 0 0 1 1 1 0 1 1 1 1 1 1 0 1
0 1 1 1 1 0 0 1 0 0 1 1 1 1 1 1 0 1 1 0
1 0 1 0 1 0 0 1 0 0 1 1 1 0 1 1 0 1 1 0
1 1 1 1 0 1 1 1 1 1 1 0 1 1 0 1 1 1 1 1
1 1 1 0 0 1 0 0 0 1 1 1 0 0 1 0 0 1 1 0
0 1 0 0 1 0 0 0 1 0 0 1 1 0 0 1 0 1 1 0
0 0 0 1 0 0 0 0 1 1 1 0 1 1 0 0 1 1 0 0
0 0 0 0 0 0 0 1 0 0 0 1 0 0 1 1 1 1 0 1
1 1 0 0 1 1 1 1 0 1 0 1 0 1 0 0 0 0 1 1
0 0 0 1 1 0 1 1 0 1 1 1 1 1 1 0 0 0 1 1
0 0 0 0 1 1 1 0 0 1 1 0 0 0 1 0 1 1 0 0
1 1 0 1 1 1 0 0 1 1 0 0 0 0 0 0 1 1 1 0
0 1 1 0 0 1 1 1 1 0 0 1 0 1 0 1 1 0 1 1
0 1 0 1 1 0 1 0 1 1 1 0 0 0 0 1 0 0 1 1
=======
1 1 1 0 1 1 1 0 0 1 1 0 1 0 1 0 0 1 1 0
0 1 0 1 1 0 1 0 1 1 1 0 0 1 1 1 0 0 1 1
1 1 0 0 0 0 1 1 0 0 1 0 0 1 0 1 1 0 1 1
1 0 1 0 0 0 1 0 0 1 0 0 1 1 0 1 0 0 0 1
1 1 0 0 1 0 1 1 0 0 1 0 0 1 1 0 1 0 1 1
1 0 0 1 0 1 1 0 0 0 1 1 1 1 1 0 0 1 0 0
1 0 0 1 1 1 1 1 1 1 0 0 1 0 0 0 0 1 1 1
0 0 0 0 0 0 1 1 1 0 0 1 1 0 0 1 0 1 0 0
1 1 1 0 1 1 0 1 1 1 1 0 0 0 0 0 0 1 0 0
0 0 0 1 1 1 0 1 1 1 0 1 0 1 0 1 0 0 0 1
1 0 1 1 0 1 1 1 1 0 0 1 1 0 1 1 1 0 0 1
0 0 0 1 1 1 0 0 1 0 1 1 1 1 0 1 1 0 1 1
1 1 0 1 0 1 0 1 1 1 1 0 1 1 1 1 0 1 1 0
0 1 1 0 1 0 1 1 1 0 1 1 0 1 0 0 0 1 1 1
0 1 1 0 1 1 1 0 0 1 1 0 1 1 0 0 0 0 1 1
0 0 0 0 1 1 1 1 0 1 0 0 0 1 1 0 0 1 1 0
1 1 0 0 0 1 1 0 1 1 0 1 0 0 1 0 1 0 0 0
1 0 1 1 1 0 1 1 1 1 0 0 0 0 0 0 0 0 1 1
1 0 0 1 1 1 0 1 0 0 0 1 1 1 0 1 0 0 1 0
1 1 1 0 1 1 1 0 0 0 0 1 0 0 1 1 0 0 1 0
0 0 0 0 0 1 1 1 1 0 1 0 0 0 1 1 0 1 1 0
0 0 1 1 0 1 1 0 0 1 0 0 0 0 1 1 1 0 1 0
0 1 1 1 0 1 1 1 1 1 1 0 1 1 0 0 1 0 1 1
0 0 0 0 0 1 1 1 0 1 0 1 0 1 0 0 0 0 0 1
0 0 1 1 0 0 1 0 0 1 1 1 1 0 0 0 0 1 1 1
1 1 0 0 1 0 1 1 0 1 1 0 1 0 0 1 0 1 0 1
0 1 1 0 1 1 1 0 1 0 0 0 0 0 1 1 0 0 1 0
1 1 1 0 1 1 1 0 0 0 0 0 1 1 0 0 1 1 0 0
1 1 0 1 1 0 1 0 1 0 0 1 1 0 0 0 1 1 0 0
1 1 1 1 1 1 0 1 0 0 0 1 0 0 0 1 0 0 1 0
1 0 0 0 0 0 1 0 0 0 1 1 1 0 0 1 1 0 0 0
1 1 0 1 1 1 0 0 1 1 1 1 1 1 1 1 0 0 1 0
1 1 1 0 1 0 0 0 1 1 1 0 0 0 0 0 0 0 1 1
1 1 1 1 0 1 0 0 0 1 1 0 1 1 1 0 0 0 1 1
1 1 0 1 1 0 1 0 0 1 1 0 1 1 1 1 0 0 1 0
0 1 1 0 0 1 0 1 1 0 0 0 0 1 1 1 0 1 1 0
0 1 0 0 0 1 0 0 0 1 1 1 0 1 0 0 1 1 0 1
0 1 1 0 0 1 0 1 1 1 1 0 1 0 1 1 0 0 1 1
1 0 1 1 1 0 0 1 0 1 1 0 1 1 0 1 0 0 0 0
1 0 0 1 1 0 1 1 1 0 0 1 1 1 1 0 1 1 0 0
1 1 1 0 0 0 1 0 0 1 0 0 1 1 0 0 1 0 0 0
0 0 1 1 0 0 1 1 1 1 0 0 0 1 0 1 0 0 0 0
1 1 1 1 1 0 0 1 1 0 0 0 0 1 1 0 1 0 0 1
0 1 0 1 1 1 0 1 1 1 0 0 0 0 1 1 0 0 1 0
1 0 0 1 0 0 1 0 1 1 1 0 1 1 0 1 0 0 1 0
1 1 0 1 1 1 0 0 1 1 0 0 0 0 0 0 1 0 0 0
1 1 1 0 0 1 0 0 1 0 1 1 1 0 1 1 1 0 0 0
0 0 0 0 0 1 0 1 1 0 1 1 0 0 1 0 1 1 0 0
1 1 0 1 1 1 0 0 0 0 0 1 0 0 1 1 0 0 0 0
1 0 0 1 0 0 0 0 1 1 1 0 0 1 1 0 1 1 1 0
0 1 1 0 0 0 0 0 1 0 1 1 1 1 1 1 1 0 0 1
0 1 1 1 0 1 1 0 1 0 0 0 1 0 1 1 1 0 0 1
0 0 0 1 0 0 1 0 1 1 1 0 0 0 0 1 0 0 1 1
0 0 0 1 0 1 0 0 0 0 1 0 0 0 0 1 0 1 0 0
1 1 0 0 0 0 0 1 1 1 1 1 0 0 1 0 0 0 0 1
1 0 0 0 1 1 0 1 1 0 1 1 0 1 0 0 1 0 0 0
0 0 0 1 1 0 0 0 0 1 1 0 1 0 0 0 0 1 0 1
0 1 1 0 0 1 1 1 1 0 0 1 0 1 1 1 0 1 0 1
1 0 0 1 1 1 0 0 1 1 1 1 1 1 1 1 1 1 1 1
1 1 0 1 1 1 1 1 1 0 0 0 0 1 0 1 1 0 0 0
1 1 0 1 0 1 0 0 0 0 1 1 0 1 1 1 0 0 0 1
0 1 1 1 0 1 0 0 0 1 1 1 1 0 0 0 0 0 0 1
0 1 0 1 1 1 1 1 1 0 0 0 0 0 1 0 0 0 0 1
1 0 0 1 1 0 1 0 0 0 1 0 1 0 0 0 0 0 0 1
0 0 0 0 0 0 1 1 1 1 0 0 1 0 0 1 0 1 0 0
0 1 1 0 0 0 0 0 1 1 1 0 1 0 0 1 1 0 1 1
0 1 0 1 0 1 0 0 0 0 0 0 0 0 0 1 1 0 1 0
0 0 1 0 0 0 0 0 1 1 0 1 0 1 0 0 0 1 0 0
1 0 1 1 1 1 1 0 0 0 1 0 0 1 0 1 0 0 1 1
0 0 0 0 1 1 1 0 1 0 1 1 1 0 1 1 1 1 0 0
1 1 1 0 1 1 0 1 1 0 1 0 0 0 0 0 1 1 0 0
0 0 1 0 0 1 0 1 0 1 0 0 1 0 1 0 1 0 0 1
0 0 0 1 0 0 1 0 1 1 1 1 1 0 1 0 1 1 1 0
1 0 0 1 0 1 1 0 0 1 1 0 1 0 0 1 1 1 1 1
0 0 0 0 1 0 1 1 0 1 0 0 0 0 0 0 1 1 0 0
1 0 0 1 0 0 1 0 0 1 0 0 0 1 1 1 1 0 1 1
0 0 0 1 0 1 0 1 0 1 1 1 0 1 1 1 0 0 0 1
1 0 1 0 0 0 1 1 0 1 0 1 0 0 1 1 0 1 1 0
1 0 0 1 1 0 1 1 1 0 0 1 1 1 1 0 0 1 1 0
1 1 0 1 0 0 0 0 1 0 1 0 1 0 1 0 0 1 0 1
0 1 0 1 1 1 0 0 0 1 1 0 0 0 1 1 1 0 0 1
0 0 0 1 1 1 1 0 0 0 1 0 1 1 0 1 0 1 0 0
1 0 0 1 1 1 0 1 0 0 1 1 1 0 1 1 1 0 1 1
0 1 0 0 1 1 0 0 1 0 0 0 0 0 1 0 1 0 0 1
1 1 0 0 1 0 1 1 0 1 1 0 1 1 0 0 0 1 0 1
0 1 1 1 0 0 0 1 0 0 1 0 0 0 0 0 0 1 0 1
1 1 1 0 1 0 0 0 0 0 0 1 0 1 0 0 0 1 1 1
1 1 1 0 0 1 1 1 1 1 0 0 0 0 1 0 1 0 0 0
0 1 1 0 0 1 1 0 0 1 0 0 1 1 1 0 1 0 1 1
1 1 1 1 0 0 1 1 0 0 0 1 0 0 1 1 0 0 1 0
1 1 0 0 0 0 1 1 0 0 1 0 0 1 1 0 0 0 0 1
0 0 1 0 1 0 0 1 0 1 1 0 1 1 1 1 0 0 1 0
1 0 0 0 0 0 1 0 0 1 0 0 0 1 0 1 1 0 0 1
0 1 1 0 0 1 0 0 1 1 0 0 0 1 1 1 0 0 0 0
0 1 0 0 0 0 0 0 1 1 1 0 1 0 1 1 0 0 1 0
1 0 1 1 1 0 0 0 1 1 1 1 1 1 0 0 0 0 0 0
1 0 0 1 1 0 0 1 0 0 0 0 1 0 0 1 0 0 1 0
1 0 0 1 0 1 0 0 0 1 1 1 0 1 0 0 0 1 0 0
1 1 1 0 1 0 0 0 0 1 1 1 1 0 0 1 0 0 0 1
1 0 0 0 1 1 1 0 0 0 0 1 0 0 1 0 1 1 0 1
1 1 1 0 1 1 1 0 0 1 0 0 0 0 1 1 0 1 0 0
0 0 1 0 0 1 0 1 1 0 0 0 1 1 0 0 1 1 1 1
0 0 0 0 0 0 0 0 1 1 1 1 1 0 1 0 1 1 1 0
1 1 0 1 0 0 0 1 0 1 1 0 1 1 0 1 0 1 0 1
0 1 1 1 1 1 0 0 0 0 0 1 1 0 1 1 1 0 1 1
0 0 1 1 1 1 1 1 1 1 0 0 0 0 1 1 1 0 1 1
1 0 1 1 1 1 1 1 0 0 1 0 0 0 1 0 0 0 0 1
1 0 0 0 0 1 1 0 1 0 1 1 1 0 1 0 1 0 1 0
1 0 1 0 0 0 0 0 0 1 0 0 0 0 1 1 0 1 0 0
0 0 0 0 0 0 1 1 1 1 0 1 1 0 1 1 0 1 1 1
0 1 1 0 0 1 0 0 0 0 1 0 0 1 0 0 1 1 1 0
0 1 0 1 0 1 1 1 0 1 1 1 1 0 1 0 1 1 0 1
1 0 1 0 1 1 1 0 1 0 1 0 1 1 0 1 1 1 0 0
1 0 0 0 0 1 0 1 0 1 0 0 0 1 1 1 1 1 0 1
1 0 0 1 1 1 0 1 1 0 1 0 1 0 0 0 1 1 0 0
1 1 1 1 0 1 1 0 0 1 1 0 1 1 1 1 0 1 0 0
0 1 0 0 0 0 0 1 1 1 0 1 1 0 0 0 0 1 0 0
1 0 0 1 0 0 1 0 0 0 0 1 1 0 0 1 1 0 0 0
1 0 0 1 1 1 0 1 0 1 1 0 1 1 0 0 1 1 1 1
0 1 0 1 0 0 0 1 1 0 1 1 1 1 1 0 1 0 0 0
0 1 0 0 1 0 0 1 1 1 0 0 1 1 0 0 1 0 1 0
0 0 1 0 1 0 1 1 1 1 1 1 0 0 0 0 0 1 0 1
0 1 1 0 1 1 1 0 1 0 0 1 1 1 0 0 1 1 0 0
1 1 0 1 0 1 1 0 1 1 1 0 1 1 0 0 0 0 0 1
1 1 1 1 1 0 0 1 1 1 0 0 0 0 0 0 1 1 0 0
1 1 0 0 1 1 0 0 1 1 1 0 0 1 1 0 0 0 0 0
1 0 1 1 0 1 0 0 0 1 1 0 0 0 0 1 0 0 0 0
0 0 0 1 1 1 0 1 1 1 0 0 0 1 0 1 0 1 1 1
0 1 0 1 1 1 0 1 1 1 0 0 0 1 0 0 0 1 0 1
0 1 0 1 1 1 0 0 1 1 1 0 1 1 0 0 1 1 1 0
0 0 1 0 1 0 0 0 0 0 1 1 0 0 1 1 0 0 0 1
1 0 1 0 1 0 0 1 1 0 1 0 1 1 0 0 1 0 0 1
1 1 0 0 1 0 0 1 0 0 1 0 0 1 0 1 0 1 1 1
1 0 0 1 1 0 1 0 1 0 0 0 1 0 0 0 0 1 1 1
0 1 1 0 1 1 1 0 0 0 0 1 1 1 0 1 0 1 1 1
0 1 0 0 1 0 1 1 1 1 0 1 1 1 0 0 1 1 1 1
1 1 0 1 0 0 0 1 0 1 0 1 0 0 0 0 1 1 1 1
0 0 0 0 1 0 0 1 0 1 0 0 0 0 0 1 1 0 1 1
1 1 1 1 1 0 0 1 1 1 0 0 1 1 1 1 1 1 1 0
1 0 0 1 1 1 1 1 1 0 0 0 1 0 0 0 0 1 0 1
0 1 0 1 0 1 0 1 1 1 0 0 1 0 1 0 0 0 0 0
0 1 0 0 1 0 1 1 1 1 0 0 0 0 0 0 0 1 1 1
1 1 0 1 1 0 1 0 0 0 1 1 0 0 0 1 0 1 0 0
0 0 1 0 1 0 1 0 1 1 1 1 0 0 0 1 0 1 0 1
0 0 0 0 0 0 0 0 0 0 1 1 0 0 1 0 0 0 0 1
0 1 1 0 1 1 0 1 1 0 0 0 1 1 0 1 0 1 1 0
0 0 0 0 1 0 1 0 1 1 0 1 0 0 1 1 1 1 1 1
0 1 1 0 1 0 1 0 1 1 0 0 0 0 1 0 0 0 0 1
0 1 1 0 0 1 0 1 1 0 1 0 0 1 0 0 1 1 0 1
1 0 0 1 0 0 0 0 0 1 0 1 1 1 1 0 0 1 1 1
0 0 0 0 0 1 1 1 1 0 0 0 1 0 0 1 0 0 0 0
0 0 1 0 1 0 0 1 1 1 1 0 0 1 0 1 0 0 0 1
1 0 1 1 0 0 1 0 1 0 1 1 1 1 0 0 1 1 0 0
0 0 1 0 1 1 0 1 0 1 0 1 1 0 1 0 0 0 1 0
1 0 0 1 1 0 0 1 0 0 1 1 0 0 1 1 1 0 0 0
1 0 0 0 1 0 0 0 0 1 0 1 1 0 1 0 0 0 1 0
0 0 1 0 1 0 1 1 1 1 1 0 1 0 0 1 0 1 0 0
1 0 0 0 0 0 0 1 0 1 0 1 0 1 1 1 1 0 0 0
1 0 1 0 0 0 0 1 0 1 0 1 0 0 1 0 1 1 0 0
1 1 1 0 0 1 1 0 0 0 0 0 1 1 1 0 0 1 0 1
1 0 0 0 0 1 0 1 0 1 0 0 0 0 1 1 0 0 0 0
1 0 1 1 0 1 0 0 0 0 0 0 0 1 1 1 1 0 1 0
1 0 1 0 0 0 0 0 0 0 0 0 1 1 1 1 0 1 1 0
0 1 1 0 0 1 1 0 0 0 1 1 0 1 0 1 1 1 0 1
1 1 1 0 1 0 1 1 0 0 0 1 0 0 0 1 1 1 0 0
1 1 0 1 0 1 0 1 0 0 0 1 0 1 0 0 1 0 1 1
1 0 1 0 0 0 1 0 1 1 1 1 1 0 1 1 0 0 0 0
1 1 1 1 0 0 0 0 0 1 1 0 0 0 0 0 0 1 1 1
1 0 0 0 1 0 0 0 0 0 0 1 0 0 1 1 0 0 0 1
1 1 0 1 0 1 0 0 1 1 0 1 1 1 1 0 0 0 0 1
1 1 0 1 0 1 1 0 1 0 1 1 0 1 1 1 0 1 1 0
1 1 1 0 0 0 0 0 1 1 0 1 1 0 1 1 1 1 1 1
0 1 1 1 1 1 0 1 0 0 0 1 1 1 0 1 1 0 1 0
1 1 1 1 1 0 0 1 1 0 1 1 0 0 1 0 1 1 0 0
0 1 0 1 1 1 1 0 1 0 0 1 0 0 0 1 0 0 1 0
0 0 1 0 1 1 1 1 1 1 0 1 0 1 0 1 0 1 0 1
0 0 1 1 0 0 1 0 0 1 1 1 0 1 1 0 0 1 1 0
1 1 1 0 0 0 0 1 0 0 0 1 1 1 0 1 0 1 0 0
0 1 1 1 1 1 1 1 0 0 0 0 0 1 1 1 1 1 0 1
0 0 1 1 0 0 0 1 1 1 1 0 1 0 0 1 0 0 1 1
0 0 0 0 0 1 1 0 1 1 1 0 1 1 1 0 0 0 0 0
0 0 0 0 1 0 1 1 0 0 1 0 0 0 1 0 1 1 0 1
1 1 0 0 0 0 1 0 0 1 1 0 1 0 0 1 0 1 1 0
0 0 1 0 1 1 1 0 1 0 0 1 0 0 1 0 0 0 0 0
0 0 1 1 0 1 1 0 0 1 0 1 0 1 0 0 0 0 0 0
0 0 1 1 1 1 0 0 0 1 0 1 1 0 1 0 1 0 0 1
0 1 0 1 1 0 0 0 0 0 1 0 1 1 1 1 1 1 0 1
1 1 0 1 1 0 0 0 1 1 0 0 1 1 0 0 0 1 1 1
0 0 1 1 0 0 1 0 1 0 0 0 0 0 1 1 1 1 0 0
0 1 0 1 1 0 1 0 0 0 1 0 1 0 0 1 1 1 1 0
1 0 1 1 1 1 0 0 0 0 0 1 1 1 1 1 1 0 1 0
0 0 0 0 1 1 0 1 0 0 1 0 0 0 0 0 0 1 1 1
1 0 0 1 1 0 1 1 1 0 1 1 0 1 0 1 1 1 0 1
0 1 0 1 1 1 1 1 0 1 1 1 0 1 1 1 1 1 0 1
1 1 0 0 0 1 1 1 1 1 1 1 1 0 0 1 1 1 1 1
1 0 1 1 0 0 0 1 1 1 0 1 0 1 1 1 0 1 1 0
1 1 1 1 1 1 1 0 0 1 0 0 0 0 1 0 1 0 1 0
1 1 1 1 1 1 0 0 1 0 0 0 0 0 0 1 0 1 1 1
1 0 0 1 0 1 1 0 1 1 0 0 1 0 1 0 1 1 0 0
0 0 1 1 1 1 1 0 1 1 0 0 0 1 0 0 1 1 1 0
0 0 1 1 1 0 0 1 0 1 1 0 1 0 1 1 1 1 1 1
0 1 0 0 1 1 1 1 1 1 0 1 1 0 1 1 1 1 0 0
1 0 0 1 0 1 0 0 1 0 1 1 0 1 1 1 0 1 0 0
1 1 0 0 1 0 1 1 0 0 1 0 0 1 1 0 1 0 0 1
1 0 1 1 0 0 1 0 0 0 0 0 1 1 1 0 0 1 0 1
0 0 0 0 1 1 1 0 1 0 1 0 0 1 0 0 1 0 0 0
1 1 0 0 0 1 0 1 0 1 0 0 0 1 1 0 1 0 1 0
1 0 1 1 0 1 1 0 1 1 0 1 0 0 0 0 1 0 0 0
0 0 0 1 0 0 0 1 0 1 1 0 0 1 1 0 1 0 0 1
1 1 1 1 1 1 1 1 0 1 1 0 0 1 0 0 1 1 1 0
0 1 1 1 1 0 0 1 1 1 0 1 0 0 1 0 0 1 1 1
1 0 0 1 0 1 0 1 0 0 0 0 1 1 1 0 1 1 0 1
1 1 1 1 0 1 0 1 0 1 0 0 0 1 1 1 0 0 0 0
1 0 0 1 1 0 1 0 0 1 0 0 1 1 1 0 0 1 1 0
0 1 0 0 0 1 0 1 0 1 1 0 0 1 0 1 0 1 0 0
1 0 0 0 1 0 1 0 0 0 1 0 0 0 0 1 1 1 1 0
1 1 1 1 0 1 1 1 0 0 0 0 1 0 1 0 1 0 0 0
1 1 1 0 1 0 1 0 1 0 1 1 0 0 1 1 1 1 0 1
1 0 0 1 0 1 1 1 0 0 0 0 0 1 1 0 1 1 0 0
1 1 0 0 1 0 0 1 1 1 1 1 1 1 0 0 0 0 0 0
0 1 0 1 1 0 1 1 1 0 0 0 1 0 0 0 1 0 1 0
1 1 1 0 0 1 0 1 1 1 0 1 0 1 1 1 1 1 0 0
0 1 1 1 0 0 1 0 0 1 0 0 1 1 1 0 1 0 1 1
0 1 1 0 0 1 0 1 0 0 1 0 0 1 0 1 1 1 0 0
0 0 0 0 0 1 0 1 0 0 1 0 1 1 0 1 0 1 1 0
1 1 1 0 1 1 0 1 1 1 0 0 1 0 0 0 0 1 1 1
0 0 1 0 1 1 1 1 0 0 0 1 0 0 0 0 1 1 1 0
0 1 1 1 0 0 1 0 1 1 1 1 0 0 0 0 1 1 1 0
0 1 0 0 1 0 1 0 0 0 0 1 0 0 0 1 0 0 1 1
1 1 1 1 1 1 0 0 1 1 1 1 1 0 0 0 0 1 1 1
0 1 1 0 1 0 1 0 1 0 0 0 1 0 1 1 0 1 1 0
1 1 0 1 1 1 1 1 0 0 1 0 0 1 0 0 0 1 1 1
1 0 0 1 1 0 1 0 1 0 1 0 0 0 1 1 0 0 1 1
1 0 0 1 0 0 0 1 1 1 1 1 0 0 0 0 1 1 1 0
1 0 0 1 0 1 0 0 1 1 1 1 1 0 0 0 0 1 0 1
1 1 1 0 1 1 1 0 1 1 1 1 0 0 1 0 0 1 1 0
1 1 0 0 1 1 0 0 0 1 1 1 0 1 1 0 1 1 0 0
1 0 1 1 1 1 1 1 1 1 1 1 1 0 0 0 1 0 0 0
0 0 0 0 1 0 1 0 1 1 1 0 0 1 0 0 1 0 1 0
1 0 0 1 0 1 0 0 1 0 1 0 1 0 0 1 1 0 1 1
0 1 1 1 1 1 0 0 0 0 1 1 1 0 0 1 0 1 1 1
0 0 1 0 0 0 0 1 0 0 1 0 1 1 0 0 0 0 0 0
1 1 1 1 0 1 1 0 1 1 1 1 1 0 1 1 0 0 1 1
0 1 1 1 1 0 1 0 1 0 1 0 1 1 1 1 1 1 1 1
1 1 1 1 0 0 1 0 0 1 1 1 1 0 0 0 1 1 1 1
0 0 1 0 0 1 1 0 0 0 1 0 1 0 1 0 0 0 1 0
1 1 0 1 0 1 1 0 0 0 0 0 0 1 1 1 1 1 0 1
0 0 0 1 0 1 1 0 1 0 1 0 0 0 0 0 0 0 0 0
1 0 1 0 0 1 0 1 1 1 0 0 0 0 0 1 1 1 1 1
1 1 0 1 1 1 0 1 0 0 1 1 0 1 0 1 1 0 0 0
0 1 1 0 0 1 1 1 0 0 1 0 0 1 0 0 1 1 0 0
0 0 0 0 1 1 1 0 1 0 1 0 0 1 0 0 0 0 1 1
1 0 0 1 0 0 1 0 1 0 1 0 0 1 0 0 1 1 0 0
0 0 1 1 0 1 0 0 1 0 1 0 0 1 1 1 0 0 0 1
1 0 1 1 1 0 1 1 1 0 1 0 0 0 1 0 0 0 1 0
1 1 1 1 1 1 1 0 0 1 0 0 1 1 1 0 1 1 1 0
1 1 0 1 1 0 0 1 1 1 1 0 1 0 0 0 0 1 1 0
1 1 0 1 1 1 0 1 1 1 1 0 0 0 1 0 1 1 1 0
1 0 0 0 1 1 1 1 0 1 0 0 1 0 0 0 0 1 1 1
1 0 1 1 0 0 1 0 0 0 1 1 0 1 1 0 1 0 1 1
1 1 1 1 0 1 0 1 0 0 0 0 0 0 1 1 1 1 0 1
0 1 0 0 0 0 0 0 1 1 0 0 1 1 0 0 0 0 0 0
0 1 0 0 1 1 1 0 0 0 0 0 1 1 1 1 1 1 0 0
0 0 1 0 1 0 1 1 1 1 0 0 1 1 1 0 0 1 0 0
0 1 1 0 1 0 1 1 0 1 0 0 0 0 0 1 1 1 0 0
1 0 1 1 1 1 0 0 1 0 0 0 0 1 1 1 0 0 0 1
0 0 1 0 1 1 0 1 0 0 1 0 0 0 1 0 0 0 0 1
0 1 1 0 0 1 1 0 0 0 1 1 1 1 1 1 1 0 0 1
1 1 0 1 1 0 1 0 1 0 0 0 1 0 0 0 1 1 1 1
1 0 1 0 0 1 0 1 1 1 0 1 1 1 0 1 1 0 1 1
0 0 1 0 1 1 0 0 0 0 1 1 0 0 0 1 0 0 0 0
1 1 0 1 1 0 1 0 1 1 0 0 0 1 0 0 0 1 0 1
1 0 1 0 0 0 0 1 1 0 0 1 0 0 0 1 0 0 0 1
1 0 1 1 0 1 0 0 1 1 1 1 1 1 1 0 1 1 0 1
1 1 0 1 0 0 1 0 1 0 1 1 1 1 0 0 0 1 1 0
0 1 1 0 0 0 1 1 1 1 0 0 0 0 0 1 1 0 0 1
0 0 0 1 1 1 1 0 0 0 0 1 0 0 0 1 1 0 1 0
1 1 1 1 1 1 0 1 0 1 0 0 0 1 0 1 0 0 0 1
1 1 1 1 1 0 1 1 0 0 1 0 0 0 1 0 0 0 1 0
0 1 1 0 1 1 0 0 1 0 1 0 1 1 1 0 0 0 1 0
1 0 1 1 1 1 1 1 0 1 1 1 0 1 1 0 0 0 1 0
1 1 1 0 0 0 0 1 0 0 1 1 1 1 0 1 1 1 0 0
1 0 0 1 0 0 0 0 0 0 0 0 1 1 1 0 1 0 1 1
1 1 1 1 1 1 1 0 0 0 1 0 1 0 0 1 0 1 0 0
1 0 0 0 0 0 0 1 1 1 1 1 1 1 0 1 1 0 0 1
0 0 1 1 0 1 1 0 1 1 0 0 0 1 1 1 0 1 0 0
1 0 0 0 0 0 0 0 1 1 0 1 1 0 0 1 0 1 1 1
1 0 1 1 0 0 1 0 0 0 1 0 1 0 1 1 0 1 1 1
1 0 0 0 1 0 1 0 1 1 0 0 0 1 1 0 0 1 0 1
0 0 1 1 0 0 0 0 0 0 0 1 1 1 1 1 0 1 1 1
1 1 1 0 0 1 1 1 1 0 0 1 1 1 1 1 1 0 0 1
1 0 0 0 0 1 0 0 0 0 1 1 0 1 0 1 0 0 1 1
1 1 1 0 1 1 1 0 1 1 1 1 0 0 1 0 0 1 0 0
1 0 0 1 0 0 1 1 1 1 1 0 0 0 0 0 1 1 1 1
0 0 0 1 0 0 0 0 0 1 1 0 1 0 1 1 1 1 1 1
1 1 1 0 1 1 0 0 0 0 1 1 1 0 0 0 1 1 0 0
1 1 0 0 1 0 0 0 0 1 0 0 0 1 1 1 1 0 1 0
0 1 0 0 1 1 0 0 0 0 0 1 0 1 0 0 1 0 0 1
0 1 0 0 1 1 0 1 1 1 1 1 1 0 0 0 1 1 1 1
0 0 0 1 0 1 0 0 1 0 0 0 1 0 0 0 0 0 0 0
0 0 0 1 1 0 1 0 0 0 1 0 0 1 1 0 1 1 0 0
0 1 1 0 1 1 0 0 1 0 1 0 1 1 0 0 0 0 1 1
1 0 0 0 1 1 1 1 0 0 1 1 0 0 1 1 0 1 0 1
1 1 0 0 1 1 0 1 0 0 0 0 1 1 1 0 1 0 0 0
1 0 1 1 0 0 0 0 0 1 1 1 0 0 0 0 1 0 1 0
0 0 0 0 1 1 1 1 0 0 0 1 0 0 0 0 0 1 1 0
1 0 1 0 1 0 0 1 1 0 1 1 0 1 1 1 1 1 1 0
0 0 1 0 1 1 0 1 0 0 0 1 0 0 0 1 0 1 0 1
1 0 0 0 0 1 1 0 0 0 0 0 1 0 0 0 0 1 1 0
1 1 1 0 1 0 1 0 1 1 0 1 0 1 1 0 1 1 0 1
1 0 0 0 0 0 1 0 1 0 1 1 0 0 0 0 0 1 0 0
0 0 1 0 1 1 1 1 1 0 1 1 1 0 1 0 1 0 0 0
1 0 1 1 0 0 0 0 0 1 0 1 1 1 1 1 1 1 0 0
0 0 1 0 0 1 0 0 1 0 1 0 1 0 1 0 1 1 1 0
1 1 0 1 0 1 1 0 1 0 1 0 0 0 0 1 1 1 1 1
1 0 0 0 1 1 1 1 1 1 1 1 0 0 0 1 1 1 0 0
0 0 0 0 0 1 1 1 1 0 0 0 1 1 0 1 0 0 1 1
0 0 1 0 0 1 1 0 1 0 1 1 0 1 1 0 1 0 1 1
0 0 1 0 0 0 0 0 0 1 1 0 0 0 0 1 0 0 0 1
0 0 1 0 0 1 0 1 0 0 0 1 0 1 0 0 0 1 0 0
1 0 0 0 0 1 0 1 1 0 1 1 1 0 1 0 1 0 0 1
1 1 1 1 0 1 1 0 0 1 1 1 1 1 1 0 1 0 1 0
1 1 1 1 0 0 0 0 0 1 0 0 1 0 0 0 0 0 1 0
1 1 0 0 1 1 0 0 1 1 1 0 0 0 1 0 0 0 1 1
0 0 1 1 1 1 1 0 1 0 1 1 0 1 1 0 1 0 0 0
0 0 0 1 1 1 1 0 0 0 1 1 0 0 0 1 0 1 0 1
0 0 1 1 0 1 1 1 0 1 0 0 0 1 0 1 0 0 1 1
0 0 0 0 1 0 1 0 1 0 1 0 1 0 0 1 0 1 0 0
1 0 0 0 1 1 1 1 1 0 1 0 1 1 1 0 1 1 1 0
1 0 0 1 0 0 1 1 0 1 1 0 0 0 1 1 1 1 0 0
1 0 1 1 1 1 0 1 1 1 0 1 1 1 0 0 1 1 0 1
0 1 1 0 1 0 1 0 1 1 1 1 0 0 0 1 1 0 1 1
1 0 1 1 0 1 0 1 0 0 0 1 0 0 1 1 0 1 0 1
1 0 1 0 0 0 0 1 0 0 0 0 0 1 1 1 0 1 1 1
0 1 0 0 1 0 0 1 0 1 0 0 0 1 1 1 1 1 1 1
0 1 0 1 1 0 1 1 0 1 0 1 0 1 1 1 0 1 0 0
0 1 1 0 1 1 1 1 1 1 0 1 0 1 1 1 0 0 0 1
0 0 0 1 0 1 1 0 0 0 0 0 1 1 1 1 1 1 0 0
0 1 1 1 1 0 1 1 0 1 0 1 0 1 1 0 1 0 0 1
0 1 1 0 1 0 0 1 0 0 0 1 1 0 0 1 0 1 1 0
0 1 1 0 1 1 1 0 1 1 1 1 0 0 1 1 1 1 1 0
0 1 1 0 1 0 1 0 1 0 0 1 0 0 0 1 0 0 0 0
0 1 1 1 1 0 0 0 1 1 1 0 0 0 1 0 0 1 1 1
1 0 1 0 0 1 1 0 1 0 0 0 0 1 1 0 0 0 1 0
1 1 0 1 0 0 1 1 1 1 1 1 1 1 0 0 1 0 0 0
0 1 0 1 0 1 1 0 0 1 1 1 0 1 1 0 0 0 1 1
0 0 1 1 0 0 1 1 0 0 1 0 0 1 0 1 0 1 1 0
0 0 0 0 1 1 1 1 0 0 0 0 0 1 1 0 1 0 0 1
0 1 0 0 1 1 0 0 1 0 0 0 1 0 1 0 0 1 1 1
0 1 0 1 0 0 0 0 0 1 1 0 0 0 0 0 1 0 0 0
0 1 1 1 0 0 1 0 0 0 0 0 1 0 0 0 0 1 0 0
1 1 0 1 0 1 0 0 1 1 1 1 1 0 0 0 1 1 0 1
1 1 1 1 1 1 0 1 1 0 1 1 1 1 0 1 0 0 1 1
0 0 1 1 0 1 0 1 1 1 0 1 1 1 1 1 1 0 1 0
1 1 0 0 0 1 0 0 0 0 0 0 1 0 1 1 1 1 0 1
0 1 1 0 0 1 0 0 0 0 0 1 0 0 0 0 0 0 0 1
1 0 0 1 1 0 1 1 1 0 1 1 1 0 0 1 0 0 0 0
0 0 0 1 0 0 1 0 0 0 0 1 1 0 0 1 0 0 0 1
1 1 1 1 1 1 0 1 1 1 0 0 0 0 1 0 0 0 1 0
1 1 0 1 0 1 0 0 0 1 1 1 0 1 1 0 1 0 1 1
0 0 0 1 1 1 1 1 0 0 1 1 1 1 1 1 0 0 1 0
0 0 0 0 0 0 1 0 0 1 0 0 1 0 0 0 1 1 1 0
0 0 1 1 0 1 0 1 0 0 0 0 0 1 0 1 1 0 1 0
1 0 0 1 0 1 1 0 1 0 0 1 0 0 0 1 0 1 1 0
0 0 1 1 0 0 0 1 0 1 1 0 0 0 0 1 0 1 0 1
1 1 0 1 0 0 1 0 0 1 0 0 0 0 0 1 1 0 0 1
0 0 1 1 0 1 0 1 1 0 0 0 0 0 0 0 0 0 1 1
1 0 0 1 0 1 0 1 1 1 0 0 1 1 0 0 0 1 0 0
0 1 1 0 0 0 1 1 1 1 1 1 1 1 0 0 0 0 1 0
0 1 0 0 0 1 0 1 0 0 1 1 1 1 1 0 1 0 0 0
0 0 0 1 0 1 0 0 0 0 1 0 1 1 0 1 0 1 0 1
0 1 1 1 1 0 0 1 1 1 1 1 0 1 0 0 1 1 0 0
0 1 1 1 0 0 0 0 0 0 1 0 0 0 1 1 0 1 1 0
1 1 1 0 0 0 1 0 1 1 1 1 0 1 1 1 1 1 0 0
0 1 0 0 0 0 1 1 1 0 0 0 0 0 1 0 1 1 0 1
0 1 1 1 0 1 1 0 0 1 1 1 1 1 1 1 1 1 1 0
1 1 1 0 1 0 0 1 1 0 0 0 0 1 1 1 0 0 1 1
1 1 1 1 0 0 0 0 1 0 0 0 0 0 0 0 1 0 0 1
1 1 1 1 1 0 0 0 0 0 1 0 0 1 1 0 1 1 0 0
1 1 0 0 1 1 1 1 0 0 1 0 1 0 1 0 1 1 1 0
0 1 0 0 1 0 1 1 0 1 0 1 0 1 0 0 1 0 1 0
1 0 1 0 1 0 0 1 1 1 0 1 0 0 1 1 0 0 1 1
1 0 0 1 1 1 0 1 0 0 0 0 0 0 1 1 0 1 0 0
0 1 0 1 1 0 0 1 0 1 1 1 0 0 1 1 0 0 1 0
1 0 1 1 0 1 1 0 0 1 0 0 0 1 1 1 0 1 0 0
1 1 1 0 1 1 1 0 0 0 0 1 1 1 0 0 1 1 0 1
0 0 0 1 0 1 0 1 0 1 1 0 1 0 0 1 1 1 1 0
0 0 0 1 0 0 0 1 1 0 1 1 0 0 0 0 0 1 0 0
0 1 0 0 1 1 0 1 0 0 1 1 0 1 0 0 0 1 0 0
0 0 0 0 0 0 1 1 0 0 1 1 1 0 0 0 0 0 0 1
0 1 0 0 0 0 1 0 0 1 0 1 1 0 0 1 1 0 0 0
1 0 0 0 1 0 1 1 1 0 0 1 1 0 1 1 1 0 1 0
0 0 1 0 0 0 1 0 1 0 0 0 0 0 1 1 1 1 0 0
1 0 0 1 0 0 1 0 0 1 0 1 0 1 0 1 0 0 0 1
1 1 1 0 0 0 1 1 1 0 0 1 0 1 0 1 1 1 1 1
0 0 0 0 1 0 0 0 0 0 0 1 0 1 0 0 0 1 0 1
1 0 1 1 1 1 0 1 0 0 1 0 1 0 0 0 1 0 1 1
0 0 1 0 0 1 1 0 0 1 1 0 1 1 1 1 0 1 1 0
1 1 0 1 0 1 1 0 1 0 1 1 1 1 0 0 0 1 1 1
0 0 0 0 0 1 0 1 0 0 0 1 1 0 0 1 0 1 1 1
0 1 1 0 1 0 1 0 0 1 1 0 0 1 0 0 0 1 0 0
1 1 0 1 1 1 0 0 0 1 1 1 1 0 0 0 0 1 0 0
0 1 1 0 0 1 1 0 0 1 0 0 1 1 0 1 0 1 0 0
0 0 0 1 1 1 1 0 1 0 1 1 1 0 1 1 0 0 0 0
0 1 0 1 0 1 1 0 0 0 1 1 1 1 0 1 0 0 1 0
0 1 0 0 1 1 0 0 1 1 1 0 1 0 1 0 0 0 0 1
0 0 0 1 0 0 1 0 1 0 1 1 1 1 0 0 1 0 0 1
0 1 1 0 0 1 1 0 1 1 1 0 0 0 1 1 0 1 0 0
1 0 0 0 0 0 1 0 1 1 1 1 1 1 1 0 0 0 0 1
0 0 0 1 0 1 0 0 1 0 0 0 1 0 1 0 1 1 1 1
0 1 0 1 1 1 1 0 0 0 1 1 1 1 1 1 1 1 1 1
0 1 0 1 0 1 0 1 0 0 0 1 0 1 1 0 1 1 1 0
1 0 1 1 1 1 0 0 0 1 1 0 1 0 1 0 1 0 0 1
1 1 0 1 1 0 0 1 0 1 1 0 0 1 1 0 1 0 0 0
1 1 1 0 1 0 0 1 1 1 0 1 1 1 1 1 1 1 1 0
1 0 0 0 0 1 1 0 1 1 0 0 0 1 1 0 0 1 0 1
0 0 0 1 1 1 1 0 0 0 1 1 1 1 1 0 0 1 1 0
1 0 1 1 1 1 0 0 0 1 0 0 0 0 0 0 0 1 0 1
1 1 1 1 0 0 1 1 0 0 1 1 0 0 0 0 1 1 0 1
0 0 0 1 1 0 1 1 0 0 0 0 1 1 0 1 1 1 0 1
0 1 0 1 1 0 1 0 1 0 0 1 1 1 1 0 0 0 1 1
1 1 0 0 0 1 0 0 0 1 0 1 1 1 1 0 1 1 0 1
0 0 1 0 0 0 0 1 1 1 1 0 0 1 0 0 1 0 0 1
0 0 0 0 0 0 1 1 1 0 1 1 0 0 1 0 0 0 0 1
0 0 1 0 0 0 1 1 0 0 0 0 1 0 0 0 0 0 1 0
1 1 1 0 1 1 0 1 0 1 1 0 1 1 1 0 0 1 0 0
0 0 1 1 1 0 0 0 1 0 0 1 0 1 0 1 1 1 1 1
0 0 0 0 1 1 0 0 1 0 0 1 1 1 0 0 0 1 0 1
0 1 1 1 0 1 0 1 1 0 0 0 0 0 0 1 0 0 1 1
1 0 0 1 0 1 0 1 1 0 0 0 0 0 1 0 0 0 1 0
1 0 1 0 0 0 0 0 0 1 0 0 0 1 1 0 1 0 0 1
1 1 0 0 0 1 0 1 0 0 1 1 0 1 0 0 1 0 0 0
0 0 1 1 0 0 1 1 1 0 1 0 0 0 0 1 1 1 0 1
0 0 0 0 0 1 1 1 0 1 0 0 1 0 1 1 0 1 0 0
1 0 1 0 1 0 1 1 1 1 0 0 1 0 0 0 1 1 1 0
0 1 0 0 0 0 1 0 0 1 0 1 0 0 1 1 0 1 0 1
1 1 1 1 1 0 1 1 1 1 0 1 0 1 1 1 1 0 1 0
0 1 0 0 0 0 1 1 1 1 1 0 1 0 0 1 0 0 1 1
0 1 1 0 1 0 1 1 1 1 0 1 0 0 0 0 1 0 1 1
1 0 1 1 1 0 1 1 0 1 0 1 0 0 0 1 0 1 1 0
0 0 0 0 1 0 1 1 0 0 0 1 1 1 1 0 1 1 0 0
0 1 0 1 1 0 0 0 0 1 0 1 0 1 0 1 1 0 1 0
1 0 1 1 0 1 0 1 1 1 0 1 1 1 0 1 1 0 0 1
1 1 1 0 1 0 0 0 0 1 0 0 0 1 1 0 0 1 0 0
1 1 0 1 1 0 0 0 0 0 1 1 1 1 0 1 0 0 0 1
1 0 0 1 1 0 1 0 0 1 1 0 1 1 0 1 1 1 0 1
1 0 1 0 1 0 0 0 1 1 1 0 1 0 0 1 0 1 1 0
0 0 0 1 1 0 1 1 1 1 0 1 1 1 1 1 1 0 0 0
0 1 0 0 0 1 1 0 1 0 1 1 0 0 0 0 1 0 0 1
0 0 1 0 0 0 0 1 1 1 1 1 1 0 0 1 0 1 1 0
1 1 0 1 1 0 1 0 1 1 0 0 1 1 0 0 1 1 0 0
0 0 0 1 0 1 1 1 1 1 0 0 0 1 0 1 0 0 0 1
1 1 0 0 0 0 0 0 1 0 1 0 1 0 0 0 1 1 0 1
0 1 1 0 0 1 0 0 1 0 0 0 0 0 1 0 1 1 0 0
0 0 1 0 0 0 0 0 0 0 1 0 0 0 1 0 0 0 1 0
1 1 0 0 1 1 0 0 0 0 0 1 0 1 1 1 1 0 1 0
1 1 0 1 0 0 0 0 1 0 1 1 1 0 1 1 0 0 1 0
0 1 0 0 1 1 1 0 1 1 1 0 0 0 1 1 1 0 1 1
0 1 0 0 1 0 0 1 0 0 0 1 1 1 0 0 1 0 1 1
0 0 1 1 1 1 1 0 1 1 0 0 0 1 0 0 1 0 1 0
0 0 1 0 1 1 1 1 0 1 1 1 1 0 0 0 0 1 0 0
1 0 1 1 0 0 1 1 0 0 0 0 0 1 0 1 0 1 0 1
1 0 1 1 1 0 0 0 0 0 0 1 0 1 0 1 0 1 0 1
1 0 0 1 0 1 0 0 0 1 0 0 1 1 1 0 0 0 1 1
0 0 0 1 0 1 0 1 0 1 0 0 0 1 0 0 0 1 0 1
1 0 0 1 1 0 1 0 0 1 0 0 1 1 1 0 1 0 0 0
0 1 0 1 1 0 0 0 1 1 0 0 0 1 1 1 1 1 1 1
1 1 0 0 1 1 0 1 0 0 1 1 1 0 1 0 0 0 1 0
0 0 1 1 0 1 0 1 1 0 0 0 0 1 0 1 1 0 1 0
0 1 1 1 0 0 0 0 0 1 0 1 1 0 0 1 0 0 1 0
1 1 0 0 0 1 0 1 0 0 0 0 1 0 0 1 0 1 0 0
0 1 0 1 0 1 0 1 1 1 0 1 1 1 1 1 1 1 1 0
0 1 0 0 1 0 0 1 1 0 0 1 0 1 0 0 0 0 1 1
1 1 0 1 1 1 0 1 1 0 0 0 0 0 0 0 1 0 1 0
0 0 0 0 1 0 0 1 1 1 0 0 0 0 1 1 0 1 0 0
0 0 1 1 0 1 1 1 0 0 1 1 0 1 0 1 0 0 1 0
0 1 1 0 1 0 1 0 1 1 0 0 0 1 1 0 1 1 0 0
0 1 1 0 1 0 0 1 1 1 1 1 1 1 1 0 0 0 0 0
0 1 0 0 0 0 0 0 0 0 0 1 0 1 1 0 1 1 0 0
1 1 1 0 0 0 0 1 1 0 1 0 0 1 0 1 0 1 1 0
0 1 1 0 0 1 0 1 0 1 1 0 1 0 0 1 1 0 0 1
1 1 1 1 0 0 1 0 1 1 0 0 0 0 1 0 1 1 1 0
0 1 0 0 1 0 1 1 1 1 1 1 1 1 1 0 0 1 1 0
0 1 1 1 1 1 0 0 1 0 0 0 0 1 0 0 1 0 0 0
0 1 0 0 1 1 0 1 0 1 0 1 1 0 0 1 0 1 0 0
0 0 1 1 0 0 0 1 0 1 0 1 0 0 0 1 1 1 1 1
1 0 1 0 1 1 1 1 1 0 1 0 0 0 1 0 1 0 0 0
0 1 0 1 1 0 0 0 1 0 1 1 0 1 0 0 0 0 0 1
0 1 1 1 0 0 1 1 1 0 0 0 0 0 0 1 0 1 0 1
1 1 1 1 0 1 1 1 1 0 0 0 0 1 0 1 0 1 1 0
1 1 1 1 0 1 1 1 1 0 0 1 0 1 1 1 0 1 1 1
0 1 1 0 0 0 1 0 0 0 1 1 0 0 1 0 0 1 1 1
1 1 0 1 0 1 1 1 0 0 0 1 0 1 0 0 1 1 0 0
1 0 0 0 1 0 1 0 1 0 1 1 0 1 1 1 1 1 0 1
0 1 1 1 1 0 1 0 0 0 0 1 0 1 1 1 0 0 0 1
0 1 1 1 1 0 0 0 1 0 1 0 0 0 1 1 1 1 0 1
0 0 0 1 1 0 1 1 1 1 1 1 0 1 1 1 1 1 0 1
1 0 1 1 1 1 1 1 1 0 0 0 1 0 0 0 1 0 1 0
0 0 1 1 0 1 1 0 1 1 0 0 0 1 0 1 1 1 0 1
0 0 1 0 1 0 1 1 1 1 1 0 1 0 0 0 1 0 1 1
1 0 0 0 0 1 1 0 1 0 1 1 0 1 0 1 0 0 1 1
1 0 1 0 1 0 1 1 0 1 0 0 0 0 0 0 0 0 1 1
0 1 0 0 0 1 0 0 0 0 0 0 1 0 0 0 1 0 1 0
0 0 1 0 1 0 1 1 1 1 0 0 1 0 0 1 1 1 0 1
0 1 1 1 0 0 1 1 0 1 0 0 0 0 0 0 0 0 0 0
0 1 1 1 1 0 1 0 0 0 1 0 0 0 1 1 1 1 1 1
1 1 0 0 1 1 1 1 1 0 0 0 0 0 0 1 0 0 0 0
1 0 1 1 1 0 1 1 1 0 0 1 1 1 1 1 1 0 1 1
1 0 1 1 1 1 1 0 0 1 0 0 1 0 1 1 1 1 0 1
0 1 0 1 1 0 0 0 0 1 0 0 0 1 1 0 1 0 1 1
1 0 0 1 1 0 0 0 1 1 1 0 0 0 1 0 1 1 0 1
1 0 0 1 0 0 1 1 1 1 0 1 1 1 0 1 0 0 1 1
1 0 1 0 0 1 1 1 0 1 0 1 0 0 0 0 1 0 1 1
0 0 0 1 1 1 0 0 1 0 0 0 1 1 0 0 0 1 0 0
0 1 0 1 1 0 1 1 1 0 0 1 0 1 0 0 0 1 1 0
0 0 1 1 1 1 0 0 1 1 1 0 1 1 1 0 1 1 0 1
1 0 0 1 0 1 0 0 0 0 1 0 0 1 1 1 1 1 0 1
1 0 0 0 1 1 0 0 1 0 1 1 1 1 1 1 1 0 0 1
1 0 0 1 1 1 1 0 0 1 1 1 1 0 1 1 1 0 0 0
0 1 0 1 0 1 0 1 1 1 0 0 0 0 1 0 1 0 1 0
1 0 1 0 0 1 1 1 1 1 0 0 1 1 0 1 1 1 1 1
1 1 1 1 0 1 0 1 1 1 1 1 0 0 1 0 1 1 0 1
0 1 0 0 0 1 0 0 1 1 1 0 0 0 1 0 1 0 0 1
0 0 0 0 1 1 0 1 0 0 1 0 0 0 0 1 0 1 0 1
1 1 1 0 0 0 0 0 0 0 0 1 0 1 0 1 1 1 1 1
0 0 1 1 0 1 1 0 1 1 1 1 0 1 0 1 1 0 0 1
1 1 1 1 1 0 1 1 0 0 0 1 0 1 1 0 1 1 0 0
1 1 0 1 1 0 1 0 0 1 1 0 0 0 1 0 0 0 1 1
0 1 1 1 1 1 0 1 0 0 0 1 1 1 1 1 0 1 1 0
1 0 1 1 0 1 0 1 1 1 1 1 1 1 0 0 1 1 0 1
0 1 0 1 1 1 1 0 0 0 0 1 0 0 0 1 0 1 1 0
1 1 1 1 0 1 0 1 0 0 1 0 0 0 0 0 1 0 0 1
1 1 0 0 0 1 1 0 0 0 0 1 1 1 1 1 1 0 1 0
0 1 1 1 1 1 1 1 0 1 1 0 0 0 0 0 0 0 0 1
1 0 1 1 1 1 0 0 1 1 0 0 1 1 0 1 1 1 1 0
0 1 1 0 0 1 1 0 1 1 1 0 0 1 1 1 1 1 1 1
1 1 1 1 0 1 0 0 1 1 1 0 0 1 1 0 0 1 0 1
1 0 0 1 0 1 1 0 1 0 1 1 1 0 0 0 1 1 1 1
1 0 1 1 1 0 1 1 1 0 0 1 0 0 1 1 0 1 0 0
1 1 1 1 0 0 0 0 1 0 1 1 0 0 0 1 0 0 0 1
0 0 0 0 1 0 0 0 1 0 0 1 0 0 0 0 1 1 0 1
0 0 0 1 1 1 1 0 0 1 1 1 1 0 1 0 1 1 0 0
0 0 0 0 1 0 0 0 0 1 0 1 1 1 0 1 1 0 0 1
0 0 1 0 1 1 1 1 1 0 0 0 0 0 1 1 0 1 1 0
0 0 0 1 0 1 1 0 1 0 1 1 1 1 1 1 0 1 0 1
1 1 0 1 1 0 0 1 1 0 0 0 1 0 1 1 0 1 0 0
1 0 1 1 0 1 0 1 0 1 1 0 0 0 1 0 1 1 0 0
1 0 0 0 1 0 1 0 1 0 0 1 0 0 1 1 0 1 0 1
1 0 1 0 1 1 1 1 0 0 0 0 1 1 1 1 1 1 1 0
0 0 0 1 1 1 1 0 0 0 1 0 1 1 1 1 1 1 1 1
1 1 1 1 0 1 0 1 1 1 0 0 1 0 1 0 1 0 1 0
0 1 0 1 1 0 1 1 0 0 1 0 1 0 1 1 1 1 0 0
0 1 1 1 1 1 1 1 0 1 0 0 0 1 0 1 0 1 0 1
1 0 1 1 1 1 0 0 0 1 0 1 0 1 0 1 0 0 1 1
1 1 0 0 1 0 0 1 0 0 0 1 1 1 1 1 0 1 0 0
1 1 1 0 1 1 1 1 1 0 0 1 0 1 1 0 1 1 0 1
0 0 1 1 0 0 1 0 0 0 0 0 0 0 0 1 1 1 0 1
0 1 1 1 1 0 1 1 1 1 1 0 0 1 0 1 1 0 0 0
1 1 1 1 0 1 1 0 1 0 1 0 1 1 1 1 1 0 1 0
1 1 0 0 0 0 0 1 0 0 0 1 1 0 1 1 0 1 1 1
1 0 1 0 0 0 1 1 1 1 1 0 1 1 1 0 0 1 1 0
1 0 1 0 0 1 0 1 0 0 1 0 0 1 0 1 0 0 1 0
1 0 0 0 1 0 0 0 0 0 0 1 1 1 1 0 1 0 1 0
0 1 0 0 1 0 1 0 0 0 0 1 1 1 1 0 1 0 1 1
1 1 0 0 1 1 1 1 0 0 0 0 1 0 0 1 0 0 1 1
0 1 1 1 1 1 0 1 0 1 0 1 1 0 1 1 0 1 0 0
1 1 1 0 1 1 1 0 0 0 0 1 0 0 1 1 0 1 0 1
0 0 1 0 0 1 1 0 1 1 1 1 1 0 0 0 1 1 0 1
0 1 1 1 1 1 1 1 1 0 1 0 1 1 1 0 1 1 1 0
1 1 1 0 1 0 0 1 0 1 1 1 1 1 0 1 1 0 1 0
1 1 1 0 0 0 0 1 0 0 1 0 1 1 0 0 0 0 1 1
1 1 0 1 1 1 0 1 0 1 1 0 1 1 0 1 1 1 0 0
0 1 1 1 0 1 1 0 0 1 1 1 0 0 0 0 1 0 1 0
0 0 0 1 0 0 1 0 0 1 1 0 1 1 0 1 1 0 0 0
0 0 0 0 0 1 0 1 0 1 1 1 0 0 0 1 1 1 0 0
1 1 1 0 0 0 0 0 0 0 1 1 0 1 0 0 0 0 0 1
1 1 1 1 0 0 1 0 1 0 1 1 0 1 0 0 0 1 0 1
1 0 0 0 1 1 1 0 0 0 0 1 1 1 1 0 0 0 0 1
1 1 0 1 1 0 1 1 0 1 0 0 1 1 1 1 0 1 1 1
0 1 0 0 1 1 1 0 1 0 0 1 0 1 1 0 0 0 1 1
1 1 1 0 0 1 1 0 0 0 0 1 1 1 1 1 0 0 0 1
0 0 1 1 1 1 1 1 0 0 0 0 1 0 0 1 1 0 0 1
1 0 0 1 1 1 0 1 1 1 0 0 1 0 0 0 1 1 1 1
0 0 0 1 1 1 0 0 0 1 0 0 1 1 1 1 0 1 0 1
0 1 1 1 0 0 0 1 1 1 1 0 1 1 1 1 0 0 0 0
1 0 1 0 0 0 0 0 1 1 0 0 0 0 1 1 0 1 0 0
1 0 0 1 0 1 1 0 0 0 0 0 0 1 0 1 0 0 0 0
1 1 1 1 1 0 1 0 0 1 1 0 0 1 1 0 1 0 1 1
1 1 0 1 1 0 0 0 1 0 1 1 1 0 0 1 0 0 0 0
1 1 0 0 0 1 1 1 1 0 0 1 0 0 0 1 0 1 1 0
0 1 0 1 0 1 0 1 1 0 0 1 1 0 1 1 1 1 0 1
1 0 0 1 0 1 1 0 0 0 0 0 1 1 0 1 0 1 1 0
1 0 0 1 1 1 0 0 1 1 0 0 1 0 0 0 0 0 0 0
1 1 0 1 1 0 1 1 0 0 0 0 1 0 0 1 0 1 0 0
0 1 0 1 0 1 1 0 0 1 1 0 1 1 0 0 1 0 1 0
1 1 1 1 0 1 1 1 1 1 1 0 0 1 0 1 0 1 1 1
0 1 1 0 0 0 1 1 0 1 1 1 0 0 1 1 1 0 0 0
0 0 1 1 1 1 1 1 1 1 0 0 1 0 0 0 0 0 0 1
1 1 1 0 0 1 1 1 1 0 0 0 1 1 0 0 0 0 0 0
0 1 0 0 1 0 0 1 0 1 1 1 1 0 1 1 1 0 0 0
1 0 0 0 1 1 1 1 0 1 1 0 0 1 0 1 1 0 0 0
0 1 1 0 0 1 1 0 0 0 0 0 0 1 0 1 1 0 1 0
1 0 1 1 0 1 1 0 0 1 1 1 0 0 0 0 1 1 1 1
1 0 0 0 1 0 1 0 1 1 0 0 1 1 0 0 1 0 0 1
0 1 0 0 1 1 1 0 1 0 0 1 1 1 0 1 1 1 1 0
0 0 1 0 1 0 0 0 1 0 1 0 1 1 1 0 0 0 0 0
1 1 0 0 0 0 0 1 1 1 0 0 1 1 1 1 0 1 0 1
0 1 1 0 0 0 0 1 0 0 0 0 1 0 1 1 1 0 0 0
1 1 0 0 0 0 1 0 1 1 0 1 1 0 0 0 0 0 0 0
1 1 0 0 1 1 1 0 1 1 1 0 1 1 0 0 0 0 1 1
1 0 1 1 0 1 1 0 0 1 1 0 0 1 1 0 1 1 1 1
0 1 1 1 0 0 1 1 0 0 0 1 0 1 1 0 1 1 1 1
0 1 1 1 1 0 1 1 0 0 1 0 0 0 0 0 0 0 1 1
0 1 0 0 0 0 0 0 1 1 1 0 1 1 1 1 0 1 1 0
1 1 1 0 0 0 0 1 1 1 1 0 1 1 1 0 0 0 1 0
0 1 0 0 1 0 0 0 1 1 1 0 0 0 1 1 0 1 0 1
0 1 1 1 0 1 1 1 0 0 1 1 0 1 0 0 0 0 1 1
1 1 1 1 1 1 0 0 0 0 0 0 0 0 1 1 0 1 0 0
0 0 0 1 0 0 1 1 1 1 1 1 0 0 0 1 1 0 1 1
0 1 1 0 0 0 1 1 0 0 1 0 0 1 0 1 0 0 0 0
0 0 1 1 1 1 1 1 0 1 0 0 1 0 1 1 0 0 0 1
0 0 0 1 1 1 0 1 1 0 0 1 0 1 0 1 0 1 0 1
1 1 1 0 0 0 0 1 1 1 1 0 1 1 1 1 1 1 0 1
0 1 1 0 0 1 1 1 1 1 1 0 0 0 0 1 1 1 0 0
1 0 1 0 0 1 1 1 1 1 0 1 0 1 0 0 1 0 0 1
0 1 0 1 1 1 1 1 0 0 0 0 0 1 1 0 1 1 1 0
0 1 1 0 0 0 0 1 1 1 1 0 1 1 1 1 0 0 0 1
1 0 1 1 1 0 0 0 1 0 1 0 1 0 1 0 0 1 0 0
1 0 0 0 1 1 1 0 1 1 0 1 1 1 0 1 1 0 1 0
0 1 0 1 1 0 0 1 1 0 0 0 1 0 1 0 0 1 1 0
0 1 0 1 0 0 1 1 0 0 1 0 0 1 0 1 0 1 1 0
0 1 0 1 0 1 1 0 1 1 0 1 0 0 1 0 1 1 0 1
0 0 1 1 1 1 1 1 1 1 1 0 1 1 0 0 0 1 0 0
1 1 0 1 0 1 0 0 0 1 0 1 1 1 1 1 1 0 1 0
1 0 1 0 0 1 1 0 1 0 0 0 1 1 0 0 1 0 0 0
0 1 1 0 1 1 1 0 1 1 0 0 1 1 0 1 0 0 0 0
1 1 1 0 0 0 0 0 1 0 1 0 1 1 1 1 0 0 1 0
0 1 1 1 1 0 0 0 0 1 0 0 1 0 0 0 0 0 0 1
0 0 0 1 0 0 1 1 1 0 1 1 0 1 1 0 0 0 0 1
0 1 0 0 1 0 0 1 1 1 1 0 0 1 0 0 0 1 1 0
0 0 1 0 1 0 1 1 1 0 0 0 1 1 1 1 1 0 1 1
1 0 1 1 0 0 0 0 1 1 0 0 0 0 1 0 0 0 0 0
0 1 0 0 0 1 1 0 1 0 0 0 0 0 1 1 0 1 0 0
0 1 0 0 0 1 0 0 0 0 1 1 0 0 0 1 1 0 1 0
1 0 1 0 0 1 1 0 1 1 1 1 0 0 1 0 1 0 0 0
1 0 1 0 0 1 1 0 0 1 1 0 0 0 0 1 1 0 0 1
1 1 0 0 0 0 1 1 1 0 1 0 1 0 0 1 1 0 0 0
1 1 0 1 1 1 0 1 0 1 0 0 1 0 1 0 1 1 0 1
1 1 1 1 1 1 0 0 1 1 1 1 1 0 1 0 0 0 1 0
0 1 1 1 0 1 1 0 1 0 1 1 0 1 0 1 1 0 0 0
1 0 1 1 1 1 0 0 0 1 0 0 0 0 0 0 1 0 1 1
0 1 0 1 0 0 1 1 0 0 1 1 0 0 1 0 1 0 0 0
0 0 0 0 1 1 1 0 0 0 0 0 1 1 0 1 0 1 1 1
0 0 0 0 1 1 1 1 1 0 0 1 0 1 0 0 1 0 1 1
0 0 0 0 1 1 1 1 1 0 1 0 1 0 1 0 0 0 1 0
0 1 0 0 1 0 1 1 0 1 1 0 0 1 0 0 0 1 0 0
1 1 0 0 1 1 1 1 0 0 1 1 1 1 1 1 1 0 0 1
1 0 1 1 0 1 0 0 1 1 1 0 0 1 1 0 1 1 1 0
1 1 1 0 0 0 1 1 0 0 1 1 0 1 0 0 1 1 1 0
0 0 1 0 0 0 0 1 0 0 1 1 0 0 1 1 0 1 1 1
0 1 1 1 0 0 0 1 0 0 1 0 1 1 1 1 1 1 1 0
0 1 1 0 0 0 0 1 0 0 1 1 0 1 0 0 1 0 0 0
1 0 1 1 0 1 1 1 1 1 1 1 1 0 1 0 1 0 1 0
1 0 1 1 1 1 1 0 0 0 1 1 0 0 1 1 1 1 1 1
1 0 1 0 0 1 1 1 0 1 1 1 0 1 0 1 0 1 1 1
1 0 1 0 1 1 1 1 0 0 0 1 1 0 0 1 0 1 1 1
0 0 0 0 0 1 1 1 1 1 0 1 0 1 0 0 1 1 0 1
0 0 1 1 0 1 1 0 1 0 1 1 0 1 0 1 1 1 0 1
1 0 0 1 1 1 0 0 1 1 0 0 1 1 0 1 0 1 0 1
0 0 1 0 1 0 0 0 0 0 0 0 1 1 1 0 0 0 0 1
0 0 1 1 1 0 0 1 1 0 0 0 1 1 0 0 1 0 1 0
0 1 1 1 0 1 1 1 0 1 1 1 0 1 0 0 1 1 0 1
0 0 0 1 1 1 0 1 1 1 0 1 1 0 1 1 0 1 1 0
1 1 0 1 1 0 0 1 1 1 0 0 0 0 0 0 1 1 0 0
0 0 0 0 0 0 1 0 0 0 1 1 0 0 1 0 1 0 0 1
1 0 0 1 0 1 1 0 1 1 0 0 1 0 1 0 1 0 0 1
1 0 1 1 1 0 0 1 1 1 1 1 1 0 1 0 0 1 1 1
0 0 0 1 0 0 1 0 1 0 0 1 1 0 0 0 1 0 0 0
1 1 0 1 0 0 0 1 0 0 0 1 0 1 0 1 1 1 1 0
0 0 1 1 0 0 0 1 0 1 1 0 0 1 1 0 1 0 0 1
1 1 1 0 0 1 0 1 0 0 0 0 0 0 1 1 1 0 0 1
0 1 1 0 1 1 0 0 1 1 1 1 0 0 1 0 0 1 0 0
1 0 1 0 0 1 1 1 0 0 0 0 0 1 1 1 0 1 0 0
0 1 1 1 0 0 0 0 0 0 0 0 0 1 1 0 0 1 0 1
1 0 0 0 0 1 1 0 1 0 1 1 1 1 1 1 0 1 1 0
1 1 1 1 0 1 0 1 1 0 0 0 0 1 0 1 1 0 0 0
1 1 1 0 1 0 0 0 1 1 1 1 1 1 1 0 1 0 0 0
1 1 0 1 0 0 1 0 1 0 0 0 1 0 0 1 0 1 1 1
0 1 0 0 1 0 1 1 1 0 1 0 1 1 1 1 0 0 0 1
0 1 1 1 0 1 0 0 1 1 1 1 0 1 0 1 0 0 0 0
0 0 1 1 0 1 1 0 0 1 0 0 0 1 1 1 0 0 1 1
0 0 1 1 0 0 1 0 1 1 0 0 1 1 1 1 1 1 1 1
0 1 0 1 1 1 1 0 0 1 1 1 1 1 0 0 0 0 1 1
1 1 1 0 0 0 0 0 1 1 0 0 0 1 0 1 0 0 1 1
1 0 1 1 0 1 1 1 1 1 0 1 0 0 1 1 0 1 0 1
0 0 0 0 0 1 1 0 1 0 1 0 1 1 1 0 0 1 0 0
1 1 1 0 1 0 1 0 1 1 1 0 1 0 0 1 1 1 1 1
0 0 1 0 1 1 0 0 0 1 1 1 1 1 0 1 1 0 1 1
0 1 0 1 0 0 1 1 0 1 1 1 0 1 0 1 1 0 0 1
1 0 0 0 1 1 1 0 1 1 1 1 0 1 0 1 1 1 0 0
1 0 1 0 1 1 0 1 0 1 0 1 1 1 1 1 1 1 1 1
1 0 1 0 0 0 1 1 1 0 0 1 0 0 1 1 0 0 0 1
0 0 1 1 1 1 0 0 1 1 0 0 0 0 1 1 0 1 0 0
1 0 0 1 1 0 1 0 1 1 0 1 1 0 0 0 0 0 0 1
1 0 0 0 1 1 1 0 0 0 0 0 1 1 1 0 0 0 0 0
1 0 1 1 0 1 1 0 0 0 0 0 1 1 1 0 1 1 0 1
0 1 1 0 1 0 0 0 1 1 0 0 1 1 1 1 0 1 0 1
1 1 0 0 1 0 0 0 0 1 0 0 1 1 0 1 0 0 0 0
0 1 1 0 0 0 0 1 1 1 1 1 0 0 0 0 1 0 1 0
0 0 1 1 0 1 0 0 1 0 0 0 1 0 1 1 1 0 0 1
0 1 1 1 0 0 0 0 0 1 0 0 1 0 0 0 0 0 1 1
0 1 0 0 0 0 0 0 1 1 1 0 1 0 0 0 1 0 0 0
0 0 1 0 0 0 0 0 1 0 1 0 0 1 1 1 1 0 1 0
0 1 0 1 1 1 0 1 1 0 0 1 0 0 0 1 1 0 0 0
1 0 0 0 1 0 1 1 0 1 1 0 0 0 0 0 0 0 1 1
0 1 0 1 1 0 0 1 1 1 0 1 1 0 0 0 1 1 0 1
0 1 1 0 0 1 0 0 0 1 1 0 1 1 0 0 1 0 0 0
1 0 0 0 1 0 0 0 0 0 1 0 1 1 1 0 0 1 0 0
1 1 0 0 0 0 1 1 0 0 0 1 0 1 0 1 1 0 1 1
1 1 0 0 1 0 1 1 0 0 0 1 0 0 1 0 0 0 0 1
0 1 0 1 0 0 0 1 1 1 1 1 0 1 1 1 0 1 0 0
1 1 0 0 0 1 0 1 1 1 1 1 1 1 1 1 1 1 0 1
0 0 0 0 1 1 1 1 0 1 1 1 0 0 1 1 0 1 0 1
0 1 0 1 0 1 1 1 1 0 1 0 0 0 1 0 1 0 0 0
1 0 0 0 1 1 0 1 0 0 1 1 0 1 1 1 1 0 1 0
0 1 0 0 0 0 0 0 1 1 1 1 0 0 0 1 1 0 1 1
1 1 0 0 1 1 0 0 1 0 0 1 1 1 0 1 1 0 1 1
1 1 1 0 0 0 1 1 1 1 1 0 1 1 1 0 1 0 0 0
1 0 1 0 0 0 1 1 0 0 1 0 1 1 0 0 0 1 0 1
0 0 0 0 1 1 0 0 1 1 1 0 1 1 0 0 0 1 1 1
1 0 0 0 1 0 0 1 1 0 0 0 0 1 1 1 1 0 1 1
1 0 0 1 1 1 0 0 1 1 1 1 0 0 1 0 0 1 1 0
1 1 1 0 1 1 1 0 0 0 0 0 1 0 0 1 1 0 0 1
0 0 0 0 1 0 1 1 0 0 0 1 0 0 0 1 0 0 1 1
1 0 1 0 1 0 0 1 1 0 0 0 1 1 1 1 0 1 1 0
1 1 1 0 1 1 1 1 0 0 0 0 1 0 1 1 0 0 0 1
0 0 0 1 0 0 1 1 1 1 1 0 1 0 0 0 1 1 1 1
1 0 0 1 0 0 0 1 0 1 1 1 1 1 0 1 1 0 0 0
0 1 0 0 1 0 1 1 1 0 1 1 1 0 0 0 0 1 0 1
1 0 0 1 0 1 0 1 1 0 1 1 1 0 1 1 0 1 0 0
1 0 1 1 0 0 0 0 0 0 1 1 0 1 1 0 1 0 0 0
0 1 1 0 0 0 1 1 0 1 1 1 1 0 0 0 0 1 0 1
0 1 0 1 0 0 1 1 1 0 1 0 1 0 1 0 0 0 0 0
1 1 0 1 1 0 0 0 0 0 0 1 1 0 0 0 1 1 0 1
0 1 1 1 1 1 1 0 1 1 1 1 0 1 1 0 0 1 1 1
1 1 1 0 0 1 0 1 1 1 0 0 0 0 0 1 0 1 1 1
1 0 1 0 1 1 0 0 1 1 1 1 0 0 0 0 1 1 1 1
1 0 1 1 1 1 1 0 1 1 0 1 0 1 1 1 0 0 0 1
1 1 1 0 1 0 1 0 1 1 1 0 0 0 0 0 1 0 1 0
1 0 1 1 0 1 1 1 0 0 0 0 1 1 1 0 1 1 1 1
1 1 0 0 0 1 1 0 1 0 0 0 1 1 0 0 1 1 0 0
0 1 1 0 1 1 1 0 1 1 1 0 0 0 0 1 1 0 1 1
1 1 0 0 1 1 1 0 0 1 1 1 1 1 1 1 0 1 0 1
1 1 0 1 1 0 0 0 0 0 0 0 1 1 1 0 1 1 1 1
0 1 1 1 1 0 1 0 1 1 0 1 1 0 0 0 1 1 1 1
1 1 1 0 1 0 1 0 0 0 1 0 1 0 1 0 0 0 1 1
1 1 0 0 0 0 1 0 0 1 0 1 1 0 1 1 1 0 1 0
1 1 0 0 0 0 1 0 0 0 1 1 0 1 1 0 1 0 0 1
0 0 1 1 1 1 0 0 0 0 0 0 0 0 0 0 0 1 0 0
1 0 0 1 1 1 0 0 0 0 0 1 0 0 0 1 1 0 0 0
0 0 0 1 1 0 0 0 0 1 1 1 1 1 0 0 0 0 1 0
0 0 0 0 1 0 0 0 0 0 1 0 0 0 0 0 0 0 1 1
1 0 0 0 1 0 1 0 1 1 1 0 1 1 0 0 0 0 1 0
1 0 1 1 0 0 0 1 0 1 0 1 0 0 0 1 1 1 0 1
0 1 1 1 0 1 1 1 1 0 1 1 0 0 0 0 0 1 0 1
1 1 0 0 1 0 1 0 0 0 1 0 0 1 0 1 0 0 0 1
0 0 1 1 0 1 0 1 1 0 0 0 0 1 0 0 1 1 0 1
0 0 1 1 1 1 1 0 1 1 0 1 1 0 0 0 0 1 0 0
0 1 0 0 1 1 1 1 1 0 1 1 1 1 1 1 0 1 0 1
1 0 0 0 0 0 1 1 1 0 0 1 1 0 1 0 1 1 0 1
1 1 1 0 0 1 1 1 1 0 1 1 1 1 0 0 1 0 0 0
0 1 1 0 1 0 0 0 1 0 1 0 0 0 1 0 0 0 0 0
1 1 1 0 0 1 1 1 0 1 0 0 1 0 1 1 0 1 1 1
0 0 0 1 0 0 1 0 1 0 1 0 1 0 1 1 0 0 1 1
1 0 1 1 0 1 1 0 0 0 1 1 1 0 1 0 0 1 0 0
1 0 1 0 1 1 1 0 1 1 0 1 1 0 0 0 1 0 0 0
1 0 0 1 1 1 0 0 1 1 0 0 1 1 0 1 0 0 1 1
1 0 0 1 1 1 0 0 1 0 1 0 1 0 1 0 0 1 1 1
1 1 1 1 0 1 0 0 0 0 0 0 1 0 1 0 0 1 1 0
0 0 0 1 1 0 1 1 0 0 1 0 1 1 0 0 0 1 1 1
0 1 0 0 1 0 0 0 1 0 0 0 0 0 1 0 0 1 1 1
0 0 0 0 0 1 0 1 1 1 1 1 0 0 1 0 0 1 1 1
1 1 1 1 1 0 1 1 1 1 0 1 0 1 0 1 1 0 0 0
1 0 1 0 1 0 0 0 1 0 1 1 0 1 0 0 1 0 1 1
1 0 1 1 0 1 1 0 0 1 1 1 1 0 0 0 0 0 1 1
1 0 1 1 1 1 0 0 0 1 1 1 0 1 1 1 1 0 0 0
1 1 0 1 0 0 1 0 0 1 1 1 0 1 0 1 1 1 1 0
0 0 1 1 1 0 0 0 0 0 0 0 1 0 1 1 0 0 0 1
0 0 1 1 0 1 0 0 0 1 1 0 0 0 0 1 1 1 1 0
1 1 0 0 1 0 0 0 1 1 0 0 1 0 1 0 1 0 0 0
0 1 1 1 1 1 0 0 1 0 0 1 1 0 0 0 1 0 1 1
1 1 1 1 1 0 0 1 1 1 1 0 1 1 1 1 1 0 1 1
0 0 1 0 1 0 1 0 1 1 1 0 1 0 1 1 0 0 0 1
1 1 0 1 0 1 0 1 0 1 1 1 0 0 1 0 1 1 1 1
1 0 1 0 0 1 0 1 0 0 1 0 1 1 1 0 1 0 0 1
0 0 0 1 1 1 1 1 0 1 0 0 0 0 1 0 1 0 0 0
0 0 0 0 1 0 1 0 0 1 0 1 1 0 0 0 1 0 1 0
1 1 0 1 0 0 1 0 1 0 0 0 1 0 1 0 1 1 0 0
1 1 1 1 1 0 0 0 0 1 0 0 0 0 0 0 1 1 1 0
0 1 0 1 0 0 1 0 1 1 1 1 1 1 0 0 0 1 0 0
0 1 0 0 1 1 1 1 1 1 0 1 0 0 0 1 1 0 0 0
1 0 0 1 0 1 1 0 1 1 0 0 1 0 0 1 1 0 1 0
1 0 0 1 0 1 0 1 0 1 1 1 0 1 1 1 1 1 0 1
1 0 1 0 1 1 1 0 1 1 0 1 0 1 1 0 0 0 0 0
0 0 1 0 1 0 0 0 0 1 1 0 0 1 1 1 1 1 0 0
1 1 1 1 0 1 0 0 1 0 1 0 0 0 1 1 1 0 0 0
1 1 1 0 0 0 0 1 0 0 1 1 1 0 0 0 1 0 1 1
1 0 1 1 0 0 0 1 0 0 1 1 0 0 1 1 1 1 1 0
1 0 1 1 1 1 0 1 0 1 1 0 0 1 0 1 0 1 0 0
0 1 1 1 0 0 1 1 0 0 0 1 0 1 0 1 1 0 1 0
0 1 1 0 1 1 1 0 1 1 1 1 1 1 1 0 1 1 0 1
1 0 1 0 0 0 0 0 1 0 0 1 0 1 0 1 0 1 1 0
1 0 0 0 0 0 0 0 0 0 1 0 1 1 1 1 0 1 1 0
1 0 1 1 0 0 0 1 1 0 0 0 0 0 1 0 1 1 1 1
1 1 1 1 0 0 0 0 1 0 1 0 1 1 1 1 1 0 1 0
1 1 1 0 0 1 0 1 0 1 0 1 1 1 1 0 0 1 0 1
1 1 1 0 1 0 0 0 1 0 0 1 0 0 0 1 0 1 0 0
1 1 0 0 0 1 1 0 0 1 0 0 1 0 1 0 1 1 0 1
0 1 1 0 0 0 1 1 0 0 0 1 0 0 0 1 1 0 0 1
1 0 1 0 1 1 1 0 1 1 0 1 0 1 1 0 1 1 1 0
0 1 1 1 1 1 0 0 1 1 0 0 1 0 0 0 0 0 0 0
1 0 0 0 1 0 1 0 0 1 1 1 0 1 1 1 1 1 1 1
1 0 0 1 1 0 0 0 0 1 1 0 0 1 0 1 1 1 1 0
0 1 0 1 0 0 1 1 1 1 1 1 1 1 1 0 0 0 0 1
0 0 0 0 1 1 1 0 1 0 1 0 1 1 0 0 1 0 1 1
0 0 1 0 0 1 0 1 1 0 1 1 1 0 0 1 0 0 0 0
0 0 1 0 0 1 0 1 1 1 0 0 0 1 0 0 0 1 0 0
0 0 0 0 0 0 0 0 1 1 0 0 0 0 0 0 1 0 1 0
1 0 1 1 0 1 0 1 1 0 1 0 0 0 1 0 1 1 0 1
1 0 0 1 1 1 0 1 0 0 0 0 0 0 0 0 1 0 1 0
0 0 0 0 0 0 0 1 1 1 0 1 1 1 1 0 0 0 1 1
0 1 0 1 0 0 1 1 0 1 1 0 1 0 0 0 1 0 0 0
0 1 0 0 1 1 0 1 1 0 0 0 1 1 1 0 1 0 0 1
0 0 1 0 0 0 1 1 1 0 0 0 0 1 1 1 1 0 1 0
0 0 1 0 1 1 0 1 1 0 0 1 0 0 0 0 0 1 1 0
0 1 0 0 0 1 0 0 0 0 1 0 1 0 1 0 1 1 0 0
1 1 1 0 0 1 0 0 1 0 0 0 1 1 1 0 0 1 1 1
1 0 0 0 1 0 0 0 1 0 1 0 0 1 1 0 1 1 0 1
0 1 1 0 0 0 0 1 0 1 0 0 0 0 1 1 1 1 1 1
0 0 0 0 0 0 1 1 1 1 1 1 0 0 0 0 1 0 1 0
1 1 1 0 1 0 1 0 1 1 0 1 0 0 0 0 1 1 0 1
1 0 1 1 1 0 1 0 0 1 0 0 0 1 1 0 0 0 1 0
1 1 1 1 0 0 1 1 1 0 1 1 1 0 1 0 1 1 1 1
0 0 1 0 0 0 1 1 0 1 0 1 1 1 0 0 1 0 0 1
1 0 0 0 0 1 0 0 1 1 0 1 1 1 0 0 1 1 0 0
1 0 1 0 0 0 1 1 0 0 1 1 0 0 1 0 0 0 0 1
1 1 0 0 0 0 0 1 0 1 1 1 0 1 0 0 0 1 1 1
0 1 1 1 0 0 0 1 1 1 0 1 0 1 1 1 1 0 0 0
0 1 1 1 0 1 1 1 0 1 0 0 0 1 0 0 0 0 0 1
0 0 0 1 1 1 1 1 1 0 0 0 0 1 0 0 1 1 0 0
1 0 0 0 0 1 0 1 0 1 0 1 1 1 1 0 0 0 1 1
0 1 0 0 0 1 1 0 0 1 0 1 1 1 0 0 0 0 1 1
0 0 1 0 1 0 0 0 1 1 0 0 1 1 0 0 1 0 0 0
1 0 0 1 0 0 1 0 0 0 1 0 1 0 1 1 0 1 1 1
1 1 0 0 0 1 1 0 1 0 0 0 1 0 1 1 1 1 1 0
1 1 0 1 1 0 1 1 0 1 0 0 1 0 1 1 0 1 0 0
0 0 1 0 1 0 1 1 1 1 0 0 0 0 1 1 0 1 0 0
1 0 1 0 0 0 1 0 1 0 0 1 1 0 1 0 0 0 1 1
1 1 0 0 0 0 1 0 1 1 0 0 0 0 0 0 0 1 0 0
1 1 0 1 1 0 1 1 0 1 1 1 1 1 0 1 0 1 0 0
0 1 0 1 0 0 1 0 1 1 0 0 1 1 1 0 1 1 1 1
0 1 0 0 0 1 1 0 1 1 0 0 0 0 0 0 0 1 0 1
0 1 0 1 1 1 0 0 1 1 1 0 0 1 1 0 0 0 1 0
0 0 1 0 0 0 0 1 0 1 1 0 1 0 0 0 1 0 0 0
1 0 1 1 1 0 1 0 0 0 1 1 0 0 1 0 0 1 0 1
1 1 1 0 1 1 1 1 0 0 1 0 0 1 1 0 1 0 0 0
1 0 1 1 1 1 1 0 0 0 1 1 0 1 1 0 1 0 0 0
1 0 1 0 0 1 1 0 0 0 1 1 0 1 1 0 0 0 1 1
1 1 0 0 1 1 0 1 1 1 1 1 0 1 0 1 1 1 1 0
1 0 1 0 0 0 1 0 1 1 0 1 0 0 1 0 0 1 0 0
1 1 0 0 1 1 0 0 1 1 1 0 1 0 0 0 0 0 0 1
0 1 0 1 1 0 1 0 0 1 0 1 1 0 1 0 1 1 1 0
0 1 0 1 1 0 1 0 0 1 1 0 0 0 1 0 1 0 1 0
1 1 0 1 1 1 0 0 0 1 0 0 1 1 0 0 1 0 0 0
0 0 0 0 0 0 0 1 0 1 0 1 0 1 1 1 1 1 0 1
1 1 1 0 1 0 1 1 0 1 1 0 0 1 0 1 0 0 0 1
0 0 1 0 1 0 0 0 0 0 0 1 0 1 1 1 1 0 1 0
1 0 1 1 0 1 0 1 0 1 0 0 0 0 1 0 1 0 1 0
1 1 0 1 1 1 0 1 0 0 0 1 0 0 1 1 1 0 0 0
0 1 1 0 0 1 0 1 0 0 0 0 1 0 1 1 1 1 0 0
1 0 0 1 1 1 0 1 1 0 1 1 0 0 1 0 0 1 1 0
0 0 0 1 1 0 0 1 1 1 1 1 0 0 0 0 1 1 0 1
1 0 1 1 1 0 0 0 0 1 1 0 1 1 1 0 1 0 1 1
1 0 0 0 1 1 0 1 0 0 1 1 1 0 1 0 1 1 1 0
0 0 0 0 0 1 0 1 0 1 1 0 0 0 0 1 0 0 0 0
0 1 0 1 1 1 1 0 1 0 0 0 0 0 0 0 1 1 1 0
1 0 0 1 1 1 0 1 1 0 1 0 0 1 0 0 1 0 0 1
0 1 1 1 1 1 0 1 0 1 0 0 1 1 1 0 1 1 0 1
1 0 0 1 1 1 1 0 0 1 1 0 1 1 0 1 0 0 1 0
0 0 0 0 1 0 0 0 1 1 0 0 1 1 0 0 1 0 1 1
0 1 0 0 1 1 1 1 0 0 0 0 1 0 1 1 1 1 0 1
1 1 0 0 0 0 1 1 0 1 1 1 0 0 1 0 0 0 1 1
0 1 1 0 0 1 1 0 1 1 0 1 1 1 0 0 0 0 1 1
0 1 1 1 1 0 1 1 1 0 0 0 1 0 0 0 1 0 0 1
1 1 1 1 1 1 1 1 1 0 0 1 1 1 0 0 0 0 1 1
1 0 1 0 0 1 1 0 0 1 1 1 1 1 0 1 0 1 1 1
0 0 1 1 0 1 0 0 1 1 0 1 0 1 1 1 1 0 1 0
1 0 1 1 0 1 1 1 1 1 1 0 1 1 1 0 0 0 0 1
0 0 1 1 0 0 0 1 0 0 0 1 0 0 1 1 1 1 0 0
1 0 1 0 1 0 1 0 1 0 1 0 1 1 1 1 1 0 1 1
0 0 1 1 1 0 1 0 1 0 0 0 1 1 0 0 1 0 0 0
1 0 1 0 1 0 1 0 1 0 0 1 0 1 0 1 0 1 0 0
0 0 1 0 0 1 0 1 1 1 1 0 0 1 0 1 1 0 1 0
1 0 0 0 1 0 1 1 0 0 1 1 0 1 1 0 0 1 1 1
1 1 0 0 1 0 1 0 1 0 1 1 0 0 0 1 1 1 0 1
0 1 0 0 1 1 0 0 0 0 1 0 1 1 1 1 0 1 0 1
1 1 0 0 0 0 1 0 1 1 1 0 1 0 1 1 1 0 1 0
0 1 1 0 1 0 1 1 0 1 1 1 0 0 0 1 1 0 1 1
1 1 0 0 0 0 1 0 0 0 0 0 1 1 0 0 1 0 1 1
1 1 1 0 1 0 1 1 0 0 0 1 0 0 0 1 1 0 0 0
1 0 0 1 0 1 1 1 0 1 0 1 0 1 0 0 0 1 0 1
0 1 1 1 1 0 0 0 0 1 0 1 0 1 1 1 0 0 0 1
0 0 1 0 1 0 0 0 1 1 1 1 1 1 0 1 1 1 1 1
1 1 0 0 0 0 0 1 1 0 0 1 1 1 0 1 1 1 0 0
0 0 1 0 1 0 1 0 1 1 1 0 0 0 1 0 0 0 1 0
1 0 1 1 1 1 0 1 0 0 0 1 1 1 1 0 1 0 1 0
1 0 0 1 1 1 1 0 0 0 1 1 0 0 1 0 0 0 1 0
1 0 0 0 1 1 1 1 0 1 1 1 1 0 0 1 0 1 1 1
0 1 1 1 0 0 0 0 1 1 1 1 0 0 1 0 0 1 1 1
0 0 1 0 1 1 0 0 1 1 0 1 0 1 0 1 0 0 0 1
1 0 0 1 1 0 1 1 0 1 0 0 1 1 1 0 1 1 0 1
0 1 0 0 0 1 0 1 0 0 1 1 0 1 0 0 1 1 1 1
1 1 1 0 0 0 1 0 1 1 0 1 1 1 0 0 0 1 1 1
0 1 1 0 0 0 1 0 0 0 0 1 0 0 0 1 1 1 1 1
0 1 0 1 1 1 1 1 1 1 0 1 0 0 1 1 1 0 0 0
0 1 1 1 0 0 0 1 1 0 1 1 1 0 0 0 1 0 0 0
1 0 0 0 1 1 1 1 0 1 1 1 1 0 0 0 0 1 1 1
0 0 0 0 1 0 0 0 0 1 1 1 0 0 1 0 0 1 0 0
0 0 1 0 1 0 0 0 0 0 1 1 0 1 0 1 0 1 0 1
1 0 1 0 1 1 0 0 1 1 0 1 1 1 1 0 1 0 0 1
1 1 1 0 1 1 1 1 0 1 0 1 1 1 1 0 0 1 0 1
0 1 0 0 0 1 1 0 1 1 0 0 0 1 0 1 0 1 0 0
1 0 0 1 1 0 0 0 1 1 1 0 0 1 1 1 1 0 0 0
1 1 1 0 1 1 0 1 1 1 0 1 1 1 0 1 0 0 0 0
1 0 1 0 0 0 0 0 0 1 0 0 1 1 1 1 1 0 1 0
1 0 0 1 0 0 1 1 1 1 1 0 1 0 0 0 0 0 1 0
0 0 1 0 0 0 0 1 1 0 1 1 0 1 1 1 0 1 1 1
1 1 0 0 1 1 1 0 1 1 1 0 0 1 1 0 0 0 1 1
0 0 0 1 0 1 1 1 0 1 1 0 1 1 1 1 0 0 1 1
1 0 1 1 0 0 1 0 0 1 1 0 0 1 0 0 1 0 0 0
0 1 0 0 0 0 0 0 0 0 0 0 1 0 1 1 0 0 0 1
1 0 0 0 0 1 0 0 1 1 1 0 1 0 1 0 0 0 0 0
0 1 0 1 0 0 1 1 0 1 1 0 1 0 1 0 1 1 0 1
1 1 0 0 1 0 0 0 0 0 1 1 1 0 0 0 0 1 0 0
1 0 1 1 1 0 1 1 1 0 0 1 1 0 0 1 0 0 0 1
1 1 0 1 0 0 0 0 0 0 0 0 0 1 1 0 0 0 0 0
0 0 0 0 0 0 0 1 0 1 1 1 0 0 0 0 0 1 0 1
1 1 0 1 0 1 1 0 1 1 0 0 0 1 1 1 0 0 1 0
0 0 0 0 0 0 1 0 1 1 1 0 0 0 0 0 1 1 1 1
1 0 1 0 1 0 1 0 0 1 0 1 1 1 0 0 1 0 0 0
0 1 1 1 0 1 1 0 0 1 0 0 1 0 1 0 1 1 0 1
0 1 1 0 0 1 1 0 0 1 0 0 0 0 0 0 0 0 0 1
1 0 0 0 0 1 1 0 1 0 0 0 1 0 0 0 0 1 1 0
0 1 1 0 1 0 0 0 1 0 1 0 0 0 1 1 0 0 0 0
1 0 0 1 1 0 1 0 1 1 0 1 0 1 1 0 0 0 1 1
0 1 0 1 0 1 1 0 0 1 1 1 1 0 1 0 0 1 1 1
1 1 0 1 1 1 1 1 0 0 1 1 0 1 1 0 0 0 1 0
0 0 0 1 1 0 1 1 1 0 1 1 0 0 1 1 0 0 0 1
1 0 0 0 1 1 1 1 1 0 1 0 0 1 1 0 1 0 0 0
0 1 0 1 0 0 0 1 0 1 0 0 0 1 0 0 1 0 0 1
0 1 1 1 1 1 0 1 1 1 1 0 0 0 1 0 0 1 0 0
1 1 1 1 1 0 1 1 0 0 1 1 0 1 0 0 0 0 1 1
0 0 0 0 0 0 0 1 0 1 1 0 1 1 1 1 0 1 0 0
0 0 0 0 0 1 1 0 1 1 1 1 1 1 0 0 1 0 0 0
0 1 1 1 1 1 1 0 0 0 0 1 0 0 1 1 1 1 0 0
1 1 0 1 1 1 0 1 0 0 1 1 0 1 0 0 0 0 0 0
1 0 1 1 0 0 0 0 0 1 1 1 0 0 0 1 1 0 0 0
0 0 1 1 1 1 0 0 0 0 0 1 0 1 1 1 0 0 1 1
0 1 0 0 1 1 0 0 1 1 1 0 1 0 1 1 0 1 0 0
0 0 0 1 1 1 1 1 0 1 0 1 0 1 1 0 1 1 1 1
1 0 1 0 0 0 0 1 0 0 0 1 0 0 0 1 0 1 0 1
0 0 0 1 0 1 0 0 0 0 0 0 0 1 0 0 1 1 0 0
1 1 0 1 0 0 0 1 1 0 0 0 1 1 0 0 1 1 0 1
0 0 0 1 0 1 0 1 1 1 1 0 0 0 1 0 1 0 0 0
0 1 1 1 1 0 1 0 0 0 0 0 1 1 0 1 0 1 1 0
1 1 0 1 1 0 1 1 1 0 1 0 0 1 0 0 0 0 1 0
0 0 1 0 0 0 1 1 1 1 1 1 1 1 0 0 0 0 1 1
0 1 0 1 0 0 1 1 1 1 0 1 1 1 0 0 1 0 1 0
1 0 0 0 1 0 1 0 0 1 0 1 0 1 0 1 0 1 1 1
0 0 0 1 0 0 0 0 1 0 1 1 0 0 1 1 1 0 0 0
1 1 0 0 0 0 1 1 1 0 1 0 1 0 1 0 1 0 1 0
1 1 0 1 1 0 0 1 0 1 0 1 1 1 0 1 0 0 1 1
0 1 0 1 1 0 0 0 0 0 1 1 1 1 0 0 0 0 1 0
0 1 0 0 0 1 0 0 1 1 1 1 0 0 0 0 0 0 1 0
1 0 1 0 0 1 0 1 0 1 0 1 1 0 0 1 1 1 0 1
0 1 0 1 1 0 0 0 0 1 0 0 0 0 0 0 0 0 0 1
0 0 0 0 1 0 1 1 1 1 0 1 0 1 1 1 1 0 1 0
0 1 0 0 1 1 1 1 0 0 0 1 1 0 0 0 0 1 1 1
0 0 0 1 0 0 1 0 1 0 0 1 1 0 0 1 1 1 0 0
0 0 0 0 0 1 0 0 1 0 1 0 1 0 1 1 0 0 0 0
1 0 1 0 0 0 1 0 0 0 1 1 1 1 0 1 0 0 0 0
0 0 0 0 1 0 0 1 0 0 0 1 1 0 0 0 1 1 1 1
0 1 0 0 1 1 0 0 1 0 1 0 0 1 1 1 0 1 1 0
1 1 0 1 0 0 0 1 1 1 1 0 0 1 1 1 1 1 0 1
0 1 0 1 1 1 0 0 0 1 0 0 0 1 1 0 1 1 1 0
1 1 1 1 0 1 1 1 1 1 1 1 0 1 0 0 0 0 1 1
0 1 1 1 1 0 0 1 1 0 1 0 1 1 0 0 1 1 0 0
1 0 1 0 1 1 0 1 1 1 0 0 0 1 0 0 0 1 0 0
1 0 0 1 0 1 0 0 1 1 0 0 1 1 1 1 0 1 0 0
0 0 1 1 1 1 0 0 0 1 0 0 1 0 1 1 1 1 0 0
>>>>>>> 835a7a6e7345f89d41d8ed9134c0e0fd3fe990bf
